13/03-2020 0 0 5
14/03-2020 0 0 8
15/03-2020 0 0 13
16/03-2020 0 0 20
17/03-2020 0 0 31
18/03-2020 0 0 45
19/03-2020 0 0 64
20/03-2020 0 0 88
21/03-2020 0 3 118
22/03-2020 0 7 156
23/03-2020 0 14 204
24/03-2020 0 25 265
25/03-2020 1 38 341
26/03-2020 1 56 431
27/03-2020 4 76 532
28/03-2020 4 94 640
29/03-2020 10 111 752
30/03-2020 10 121 867
31/03-2020 23 127 986
01/04-2020 27 134 1114
02/04-2020 32 137 1253
03/04-2020 38 142 1406
04/04-2020 44 146 1573
05/04-2020 45 152 1753
06/04-2020 49 160 1948
07/04-2020 64 170 2158
08/04-2020 66 178 2384
09/04-2020 70 189 2625
10/04-2020 80 200 2877
11/04-2020 92 212 3133
12/04-2020 93 223 3386
13/04-2020 99 230 3630
14/04-2020 114 234 3861
15/04-2020 118 241 4080
16/04-2020 133 244 4290
17/04-2020 148 244 4494
18/04-2020 153 242 4696
19/04-2020 157 236 4900
20/04-2020 163 230 5106
21/04-2020 183 226 5315
22/04-2020 196 226 5524
23/04-2020 202 234 5732
24/04-2020 209 246 5936
25/04-2020 209 258 6135
26/04-2020 219 269 6331
27/04-2020 228 275 6527
28/04-2020 242 277 6725
29/04-2020 256 279 6930
30/04-2020 272 289 7144
01/05-2020 289 308 7371
02/05-2020 288 330 7613
03/05-2020 290 350 7870
04/05-2020 298 368 8140
05/05-2020 315 380 8421
06/05-2020 343 391 8710
07/05-2020 369 396 9003
08/05-2020 383 397 9296
09/05-2020 390 399 9587
10/05-2020 393 405 9876
11/05-2020 403 414 10164
12/05-2020 435 422 10455
13/05-2020 450 421 10751
14/05-2020 473 414 11055
15/05-2020 483 404 11368
16/05-2020 485 395 11690
17/05-2020 488 390 11690
18/05-2020 489 385 11690
19/05-2020 504 381 11690
20/05-2020 522 377 11690
21/05-2020 529 374 11690
22/05-2020 541 373 11690
23/05-2020 549 373 11690
