05/03/2020 000005 000000 008600
06/03/2020 000006 000000 010072
07/03/2020 000006 000000 011956
08/03/2020 000008 000000 017456
09/03/2020 000013 000000 028781
10/03/2020 000015 000000 049464
11/03/2020 000021 000000 075924
12/03/2020 000032 000000 103033
13/03/2020 000047 000000 126868
14/03/2020 000066 000000 159422
15/03/2020 000094 000000 207652
16/03/2020 000137 000000 272026
17/03/2020 000189 000472 363835
18/03/2020 000254 000759 463762
19/03/2020 000323 001197 586749
20/03/2020 000429 001541 710829
21/03/2020 000550 002092 848427
22/03/2020 000720 002588 1066155
23/03/2020 000907 003097 1272093
24/03/2020 001140 003492 1489245
25/03/2020 001433 004262 1724415
26/03/2020 001801 005045 1947435
27/03/2020 002209 006245 2132607
28/03/2020 002654 007017 2307999
29/03/2020 003177 008143 2538339
30/03/2020 003793 009498 2763879
31/03/2020 004527 010767 2984415
01/04/2020 005339 011540 3176799
02/04/2020 006224 011533 3346437
03/04/2020 007138 012844 3466065
04/04/2020 008142 014582 3556995
05/04/2020 009195 015613 3660939
06/04/2020 010203 015952 3741597
07/04/2020 011334 016570 3792237
08/04/2020 012596 016784 3840333
09/04/2020 013748 016952 3882357
10/04/2020 014894 017047 3918297
11/04/2020 016078 016881 3950481
12/04/2020 017264 017172 3990105
13/04/2020 018321 016722 4031037
14/04/2020 019384 016540 4074273
15/04/2020 020466 015917 4115481
16/04/2020 021593 015685 4156485
17/04/2020 022678 014733 4187385
18/04/2020 023686 014868 4212357
19/04/2020 024644 014841 4249245
20/04/2020 025617 014690 4285077
21/04/2020 026513 014487 4318173
22/04/2020 027434 014022 4351293
23/04/2020 028310 013507 4384557
24/04/2020 029163 012931 4406277
25/04/2020 029918 012412 4423101
26/04/2020 030664 012328 4449657
27/04/2020 031372 012398 4476945
28/04/2020 032055 011818 4504989
29/04/2020 032744 011573 4530357
30/04/2020 033387 011253 4556137
01/05/2020 034030 010970 4573882
02/05/2020 034605 010719 4588716
03/05/2020 035151 010559 4615582
04/05/2020 035701 010438 4644027
05/05/2020 036224 010204 4671216
06/05/2020 036728 009782 4700256
07/05/2020 037244 009281 4722101
08/05/2020 037715 008904 4742126
09/05/2020 038167 008876 4759284
10/05/2020 038572 008617 4789606
11/05/2020 038916 008819 4817972
12/05/2020 039287 008560 4847149
13/05/2020 039642 008365 4872762
14/05/2020 039993 008029 4899754
15/05/2020 040336 007902 4919320
16/05/2020 040671 007527 4939629
17/05/2020 040971 007553 4970616
18/05/2020 041286 007549 5005603
19/05/2020 041566 007436 5034470
20/05/2020 041821 007083 5061699
21/05/2020 042047 006896 5087953
22/05/2020 042210 006827 5105739
