03/03-2020 0 0 1
04/03-2020 0 0 1
05/03-2020 0 0 1
06/03-2020 0 0 1
07/03-2020 0 0 1
08/03-2020 0 0 2
09/03-2020 0 0 3
10/03-2020 0 0 5
11/03-2020 0 0 7
12/03-2020 0 0 10
13/03-2020 0 0 15
14/03-2020 0 0 22
15/03-2020 0 0 31
16/03-2020 0 0 43
17/03-2020 0 0 60
18/03-2020 0 0 83
19/03-2020 0 0 115
20/03-2020 0 0 157
21/03-2020 0 4 211
22/03-2020 0 9 279
23/03-2020 0 18 360
24/03-2020 0 27 455
25/03-2020 2 36 565
26/03-2020 3 49 689
27/03-2020 4 66 826
28/03-2020 5 84 975
29/03-2020 7 106 1136
30/03-2020 7 124 1310
31/03-2020 12 147 1497
01/04-2020 14 169 1700
02/04-2020 21 191 1918
03/04-2020 27 214 2151
04/04-2020 34 233 2395
05/04-2020 38 244 2648
06/04-2020 45 249 2907
07/04-2020 53 250 3170
08/04-2020 66 260 3436
09/04-2020 76 280 3704
10/04-2020 83 313 3975
11/04-2020 89 357 4248
12/04-2020 89 404 4523
13/04-2020 94 456 4801
14/04-2020 112 504 5082
15/04-2020 130 544 5367
16/04-2020 150 573 5657
17/04-2020 177 588 5952
18/04-2020 187 592 6252
19/04-2020 200 586 6557
20/04-2020 218 580 6869
21/04-2020 245 574 7191
22/04-2020 265 576 7526
23/04-2020 281 579 7876
24/04-2020 294 583 8240
25/04-2020 305 588 8616
26/04-2020 324 591 9001
27/04-2020 340 580 9392
28/04-2020 363 567 9789
29/04-2020 382 554 10189
30/04-2020 406 547 10589
01/05-2020 419 548 10986
02/05-2020 431 559 11380
03/05-2020 434 574 11774
04/05-2020 442 595 12175
05/05-2020 472 613 12590
06/05-2020 492 626 13022
07/05-2020 513 637 13469
08/05-2020 530 645 13926
09/05-2020 551 654 14389
10/05-2020 564 667 14859
11/05-2020 575 681 15341
12/05-2020 600 692 15843
13/05-2020 625 699 16371
14/05-2020 641 701 16927
15/05-2020 667 700 17508
16/05-2020 676 698 18108
17/05-2020 686 698 18108
18/05-2020 693 702 18108
19/05-2020 693 707 18108
20/05-2020 726 713 18108
21/05-2020 728 720 18108
22/05-2020 775 730 18108
23/05-2020 778 742 18108
