05/03/2020 000004 000000 006775
06/03/2020 000006 000000 009062
07/03/2020 000006 000000 010832
08/03/2020 000008 000000 013032
09/03/2020 000013 000000 019274
10/03/2020 000015 000000 031910
11/03/2020 000021 000000 054212
12/03/2020 000032 000000 082847
13/03/2020 000047 000000 112508
14/03/2020 000066 000000 138502
15/03/2020 000094 000000 173571
16/03/2020 000137 000000 225164
17/03/2020 000189 000472 293844
18/03/2020 000254 000759 391517
19/03/2020 000323 001197 497341
20/03/2020 000429 001541 627181
21/03/2020 000550 002092 744943
22/03/2020 000720 002588 875083
23/03/2020 000907 003097 1080715
24/03/2020 001140 003492 1274731
25/03/2020 001435 004262 1478401
26/03/2020 001803 005045 1697641
27/03/2020 002212 006245 1904887
28/03/2020 002659 007017 2075887
29/03/2020 003185 008143 2236597
30/03/2020 003805 009498 2445937
31/03/2020 004542 010767 2649031
01/04/2020 005357 011540 2845015
02/04/2020 006242 011533 3013351
03/04/2020 007157 012844 3158719
04/04/2020 008163 014582 3258229
05/04/2020 009218 015613 3330877
06/04/2020 010229 015952 3408925
07/04/2020 011361 016570 3462673
08/04/2020 012627 016784 3513301
09/04/2020 013785 016952 3561373
10/04/2020 014934 017047 3603421
11/04/2020 016124 016881 3639325
12/04/2020 017311 017172 3671521
13/04/2020 018374 016722 3711121
14/04/2020 019445 016540 3752113
15/04/2020 020530 015917 3795301
16/04/2020 021659 015685 3836545
17/04/2020 022750 014733 3877597
18/04/2020 023764 014868 3908461
19/04/2020 024725 014841 3933445
20/04/2020 025706 014690 3970357
21/04/2020 026606 014487 4006225
22/04/2020 027534 014022 4039309
23/04/2020 028411 013507 4072453
24/04/2020 029270 012931 4105621
25/04/2020 030028 012412 4127329
26/04/2020 030775 012328 4144177
27/04/2020 031488 012398 4170829
28/04/2020 032174 011818 4198093
29/04/2020 032864 011573 4226197
30/04/2020 033508 011253 4254960
01/05/2020 034153 010970 4284323
02/05/2020 034731 010719 4304947
03/05/2020 035280 010559 4322376
04/05/2020 035830 010438 4354121
05/05/2020 036353 010204 4388015
06/05/2020 036860 009782 4420629
07/05/2020 037376 009281 4455503
08/05/2020 037850 008904 4481853
09/05/2020 038304 008876 4506231
10/05/2020 038712 008617 4527221
11/05/2020 039064 008819 4564897
12/05/2020 039438 008560 4600078
13/05/2020 039797 008365 4636214
14/05/2020 040157 008029 4667741
15/05/2020 040505 007902 4701022
16/05/2020 040844 007527 4725318
17/05/2020 041149 007553 4750557
18/05/2020 041483 007549 4789367
19/05/2020 041783 007436 4833451
20/05/2020 042072 007083 4869910
21/05/2020 042347 006896 4904136
22/05/2020 042589 006827 4937560
23/05/2020 042835 006499 4959830
24/05/2020 043059 006489 4979252
25/05/2020 043279 006523 5005695
26/05/2020 043519 006390 5034912
27/05/2020 043731 006109 5065135
28/05/2020 043935 005850 5090799
29/05/2020 044110 005589 5116284