 TITLE = "Parameters_0011"
 VARIABLES = "iens" "pri"  "    E0" "    I0" "  Tinf" "  Tinc" " Trecm" " Trecs" " Thosp" " Tdead" "   sev" "   CFR"
 ZONE T="Parameters_1"  F=POINT, I=  500, J=1, K=1
    1    1  1084.896277   188.272512     3.713998     5.281169    13.392296     6.230905     8.702448     4.680644     0.039678     0.003842
    2    1  1175.564464   211.335590     3.460537     5.217358    13.079741     6.412383     8.744642     5.697662     0.037953     0.003914
    3    1  1223.460346   203.738889     3.735405     5.414568    13.569451     6.557253     8.493982     7.187806     0.037652     0.003903
    4    1  1277.415640   228.603392     3.748350     5.133963    12.847443     6.919644     7.949106     5.897588     0.035291     0.003834
    5    1  1196.527878   197.484271     3.247241     5.471965    11.771417     7.310587     7.671567     6.863457     0.032972     0.003920
    6    1  1008.792850   212.382801     3.849947     4.454874    13.884344     7.282110     8.957591     5.424029     0.034245     0.003874
    7    1  1112.509439   241.163947     3.473807     5.380691    14.190750     6.621689     8.176194     6.812845     0.035388     0.003727
    8    1  1053.379738   205.424958     3.658675     4.986023    11.773713     6.721612     8.251679     6.597612     0.035398     0.003851
    9    1  1040.170141   218.495132     3.570492     5.398228    14.605632     7.154714     7.490747     6.367982     0.033778     0.003868
   10    1  1135.510129   203.147257     3.483551     5.557302    13.330979     6.780041     7.167091     5.411847     0.035788     0.003837
   11    1  1073.603752   202.491691     3.757745     4.824146    15.046684     6.684695     7.219842     5.753954     0.036924     0.003875
   12    1  1182.092478   222.294902     3.665536     5.343738    13.086270     6.470919     8.293730     5.513050     0.038037     0.003842
   13    1  1030.152307   179.513589     3.250590     5.784275    11.379608     6.090199     8.118963     5.966900     0.043069     0.004046
   14    1  1217.040057   199.397620     3.549147     5.386544    13.321264     6.731333     7.173252     5.776063     0.035916     0.003846
   15    1  1125.513898   190.674091     3.873772     4.913958    13.103615     6.947931     8.232066     6.529607     0.035515     0.003915
   16    1  1207.172199   177.697956     3.763346     4.888585    13.076000     6.702003     8.592084     6.812430     0.037526     0.003970
   17    1   876.724338   230.018171     3.619505     4.834861    10.549236     6.813287     8.962227     4.897785     0.034733     0.003797
   18    1  1101.675714   202.458882     4.183772     4.636421    12.088742     6.425094     7.568223     6.864857     0.037738     0.003879
   19    1  1121.360054   231.242811     4.103487     4.806723    13.514553     7.041964     7.783968     7.293014     0.034389     0.003880
   20    1  1043.173125   174.100236     3.436739     5.288342    12.563438     7.224623     7.960154     5.755829     0.033086     0.003819
   21    1  1071.387197   246.563290     3.976029     4.653756    13.340710     7.155416     8.140770     5.311710     0.034281     0.003796
   22    1  1135.521859   238.017896     3.815940     5.376906    10.508944     6.806328     8.261402     6.827237     0.034154     0.003755
   23    1  1068.061132   209.887525     3.381912     5.234583    13.103059     6.561432     8.183354     5.154376     0.037440     0.003905
   24    1   894.281864   183.863344     3.908090     4.556857    12.573819     6.210342     8.029581     5.846176     0.042240     0.004017
   25    1  1254.726186   223.756509     4.034981     4.683252    12.359271     6.726570     8.165387     5.669838     0.037290     0.003917
   26    1   946.970463   177.761245     3.639155     5.221947    12.216816     6.563288     7.785427     6.199571     0.037467     0.003874
   27    1  1186.854359   228.524994     3.413865     5.608209    11.867175     6.915336     7.911464     5.088689     0.035085     0.003893
   28    1  1136.354531   177.355445     3.812610     5.081474    13.544380     6.570391     7.827696     4.951355     0.036408     0.003768
   29    1  1055.774875   190.241073     3.968192     4.763829    13.639973     7.069402     7.183464     7.115889     0.033738     0.003856
   30    1  1051.374297   191.672324     3.616987     4.956108    13.829784     6.466871     8.110508     3.995652     0.037189     0.003769
   31    1  1148.150753   207.487753     3.371387     5.623324    14.554722     7.108825     8.522590     6.085277     0.034035     0.003866
   32    1  1135.310349   233.404157     3.778200     5.139345    13.711907     6.720985     8.063877     6.177757     0.035711     0.003803
   33    1  1258.241443   203.822302     3.940836     4.629263    12.190301     6.416016     9.146600     5.246534     0.038611     0.003833
   34    1  1155.751697   205.068612     3.398007     5.730481    13.838504     6.645329     7.468661     5.350605     0.037193     0.003919
   35    1  1010.108210   202.399898     3.177484     5.678669    12.392280     6.655479     8.167986     5.739428     0.036076     0.003786
   36    1  1121.007034   206.809204     4.113320     4.940890    13.180424     6.715128     7.722376     7.665674     0.036069     0.003882
   37    1  1224.569251   200.343115     3.648203     5.180605    13.514803     6.844625     7.663574     5.862435     0.035579     0.003873
   38    1  1271.087944   213.745385     4.023051     4.933687    14.056723     6.968955     7.876909     5.791992     0.034751     0.003845
   39    1  1026.584918   235.985493     3.571584     5.120003    12.142931     6.751845     7.601588     6.364553     0.036118     0.003891
   40    1  1082.391878   179.292442     4.502018     4.329636    12.205972     6.695803     8.072520     5.765776     0.035615     0.003852
   41    1  1059.145437   188.937577     3.768201     5.166391    12.338210     6.321647     8.463588     6.545902     0.038361     0.003847
   42    1  1345.147731   195.500566     3.437199     5.603277    13.333477     6.850099     7.672161     6.915671     0.035267     0.003929
   43    1  1245.818473   192.271039     3.608181     5.277462    13.562216     6.782873     7.988759     5.667593     0.035106     0.003792
   44    1  1170.605989   181.206336     3.810587     5.069776    13.302519     6.945782     6.638340     5.698380     0.035435     0.003914
   45    1  1161.663224   207.426759     3.377991     5.602554    11.909487     6.675098     7.851399     5.575343     0.036944     0.003820
   46    1  1151.507561   188.506891     3.658862     5.356281    12.611224     6.898468     6.671437     6.324146     0.034914     0.003840
   47    1  1047.581421   222.039405     3.765383     5.264597    12.839464     6.614023     6.918150     6.564499     0.037956     0.003960
   48    1  1393.198583   191.762603     4.109839     5.022741    13.749026     6.718892     7.425205     5.672153     0.036189     0.003859
   49    1  1034.006627   215.362787     3.341906     5.501710    12.606902     6.906191     8.815262     6.784138     0.035967     0.003948
   50    1  1050.661445   214.023959     3.651243     5.116405    13.606933     6.722537     8.117881     6.339696     0.037845     0.003919
   51    1  1308.176158   206.813150     3.353696     5.638080    11.789711     6.232079     8.629098     7.592611     0.039293     0.003890
   52    1  1144.545981   196.219552     3.332533     5.421322    12.974612     6.904009     7.364073     5.625994     0.036445     0.003865
   53    1  1310.692592   188.362717     4.091035     4.776520    13.062022     6.914869     8.763520     5.611224     0.036160     0.003954
   54    1  1139.661449   224.552151     3.585383     5.129849    12.438700     6.385046     7.857611     5.803184     0.037644     0.003851
   55    1  1161.702027   211.769852     3.702618     5.126135    13.368693     6.884463     7.479026     6.101017     0.034822     0.003884
   56    1  1240.121471   237.352383     3.547288     5.126622    12.227871     6.748380     7.746630     6.329962     0.034856     0.003834
   57    1   846.080814   235.591718     3.595644     5.261434    13.706931     6.795473     8.054154     6.575684     0.035745     0.003824
   58    1  1138.772298   196.552693     4.109269     4.521051    13.729527     6.513008     7.637941     6.517294     0.036242     0.003779
   59    1  1095.006162   209.726442     3.449615     5.481995    13.082803     6.447049     8.548734     7.811375     0.037153     0.003902
   60    1  1226.011448   196.356399     4.361081     4.433106    11.850871     6.864330     7.894686     6.366743     0.034963     0.003852
   61    1  1223.153265   211.531667     3.700390     5.306955    13.694894     6.396102     8.202967     6.458495     0.037525     0.003760
   62    1  1098.839009   181.522139     3.519182     5.385888    13.514269     6.347683     8.356659     5.639109     0.038559     0.003865
   63    1   932.067940   202.551100     3.459811     5.447451    12.460401     6.347374     6.931941     7.583850     0.038280     0.003885
   64    1  1142.696882   202.547081     4.018693     4.801826    11.985437     6.594382     8.501806     6.371246     0.037130     0.003842
   65    1  1025.448113   238.546259     3.716400     5.136537    12.090005     6.774133     7.527671     6.838239     0.035533     0.003861
   66    1  1272.153746   191.895355     3.786785     4.986171    13.533525     6.839961     8.103994     7.441082     0.035415     0.003855
   67    1  1017.838234   200.620398     3.540193     5.222745    12.657592     6.813257     7.579382     6.278414     0.035569     0.003880
   68    1  1164.712446   162.358346     3.781308     5.231086    11.418900     6.274665     7.586375     5.933562     0.037692     0.003821
   69    1  1189.603511   215.153749     3.523289     5.225038    14.593351     6.833119     8.559487     6.350548     0.036058     0.003888
   70    1  1086.090816   230.878989     4.155067     4.730010    13.652195     6.239911     8.060993     6.245571     0.038929     0.003831
   71    1  1212.127954   204.523558     3.846048     5.306011    14.768414     6.937092     6.956296     5.878819     0.035660     0.003902
   72    1  1115.213189   211.700535     3.935791     4.724282    13.055917     6.851710     7.809304     5.628493     0.036649     0.003952
   73    1  1150.818515   198.549802     3.791622     5.112199    14.830621     6.451113     8.205055     5.532582     0.038089     0.003821
   74    1  1174.724304   200.293557     3.977107     5.022114    13.041596     7.037900     8.223543     6.299987     0.034258     0.003838
   75    1  1189.779509   213.468378     3.808745     4.892805    12.595773     7.125104     7.311416     6.965675     0.034562     0.003853
   76    1  1057.660948   192.055938     3.787011     4.962176    13.062606     7.019610     7.551180     6.603500     0.034956     0.003866
   77    1  1125.806593   235.517505     4.237412     4.735348    12.770433     6.548473     7.968781     5.651100     0.038738     0.003928
   78    1   992.435615   232.790302     3.388419     5.290634    12.157153     6.984339     8.640556     6.095730     0.035703     0.003954
   79    1  1069.802032   187.650828     3.894615     4.999129    13.171526     7.132648     7.375121     6.470459     0.034089     0.003860
   80    1  1234.448170   189.921663     3.542815     5.573272    11.971474     7.074582     7.608178     7.079379     0.034158     0.003804
   81    1  1073.274396   180.160525     3.312532     5.658915    13.289492     6.855046     7.743541     6.038903     0.035765     0.003893
   82    1  1290.143428   203.324346     3.778016     5.219411    11.702563     6.963670     8.317725     4.931001     0.034579     0.003824
   83    1  1057.673421   244.212241     3.631488     5.233306    15.119158     7.022834     8.287160     5.554155     0.035131     0.003904
   84    1  1109.439072   217.385471     3.946264     4.866839    11.660011     6.631566     8.045840     5.676838     0.037002     0.003881
   85    1  1008.667818   213.406432     3.783760     4.967860    12.263125     6.570241     8.700073     3.681955     0.039456     0.003918
   86    1  1199.997649   192.775197     3.389621     5.362752    13.157640     6.594970     8.224573     4.893537     0.035567     0.003764
   87    1   993.013518   212.019074     4.093242     4.823258    12.446243     6.656509     7.914761     6.437723     0.035421     0.003798
   88    1  1149.561894   199.943810     3.964938     4.973716    13.186922     6.574504     8.794982     5.342011     0.036402     0.003761
   89    1  1116.618863   217.520036     3.787041     4.916416    12.280498     6.837823     7.600243     5.897161     0.035520     0.003859
   90    1  1075.325658   217.371381     3.886746     4.936325    12.181629     7.142768     7.178704     5.735687     0.033274     0.003797
   91    1  1133.524713   194.199665     3.914068     4.897730    12.084033     6.827686     7.957837     5.507440     0.035722     0.003882
   92    1  1287.022397   180.266894     3.775374     5.206589    12.975794     6.810947     7.505963     6.793079     0.036180     0.003864
   93    1  1149.300937   214.942491     4.179287     4.635219    13.454224     6.458820     7.827348     6.548361     0.038453     0.003875
   94    1  1278.982101   185.978280     3.442380     5.602355    12.805069     6.695508     7.800994     6.632797     0.036035     0.003900
   95    1  1136.628953   224.602111     3.302490     5.515579    12.194316     6.467588     8.068590     6.185620     0.039956     0.004035
   96    1  1215.336502   169.847857     3.469593     5.513229    12.941734     6.987955     7.571930     5.873423     0.033730     0.003805
   97    1  1253.640624   183.405028     3.782858     4.807971    12.864665     7.141560     7.745976     4.882583     0.034741     0.003894
   98    1  1197.907236   200.069006     3.559649     5.297033    13.562316     6.941019     7.557704     6.496376     0.035314     0.003913
   99    1  1130.443878   181.299580     3.759256     5.176772    13.397689     6.805133     8.105457     5.080427     0.036609     0.003919
  100    1  1279.309777   194.074718     3.663908     5.354093    12.723102     6.705352     7.852050     5.356148     0.036376     0.003820
  101    1  1048.394341   205.747576     3.996488     5.005293    13.660843     6.557877     7.173095     5.511821     0.037367     0.003884
  102    1  1381.786552   185.924910     3.140547     5.748117    14.710041     7.195143     8.187877     5.398277     0.033905     0.003880
  103    1  1117.285334   216.978545     3.345249     5.285977    12.874643     6.756979     8.055800     7.106388     0.035806     0.003856
  104    1   965.143361   207.503899     3.867410     4.723972    12.782635     7.025514     7.492937     7.029055     0.035152     0.003970
  105    1  1003.184026   213.470736     3.715154     5.136995    12.571959     6.751129     8.041261     7.026332     0.034824     0.003765
  106    1  1187.924766   203.640027     3.615723     4.847250    12.189475     6.611913     7.829178     7.376436     0.036848     0.003886
  107    1  1168.678490   181.246956     3.376052     5.631177    13.851025     6.329976     8.021931     5.826778     0.038739     0.003867
  108    1   971.903694   194.380382     3.317866     5.624031    14.932913     6.810817     7.498614     5.114666     0.036911     0.003938
  109    1  1124.164415   206.358089     3.663537     5.256059    14.253487     7.018810     7.826772     5.002497     0.034279     0.003769
  110    1  1365.967171   199.733786     3.761570     5.073190    12.055942     6.749884     8.157378     4.995799     0.037520     0.003898
  111    1  1058.358496   190.938006     3.951128     4.649206    13.529057     7.010057     7.779035     7.234831     0.033290     0.003713
  112    1  1067.218255   213.309233     3.017311     6.051949    13.349299     7.553636     7.773098     6.003927     0.033126     0.003994
  113    1  1032.403214   207.143348     3.619469     5.002843    12.576869     6.338559     8.736399     5.815235     0.039497     0.003919
  114    1  1194.491352   204.128998     3.753489     4.983037    13.391017     6.751752     8.047863     6.798073     0.036796     0.003936
  115    1  1169.994224   213.657477     3.673040     5.308854    12.376060     6.412030     8.000992     6.666818     0.037394     0.003755
  116    1  1025.597824   212.761304     4.244110     4.480234    13.595814     6.978835     7.857891     5.587430     0.034709     0.003767
  117    1  1069.837879   161.779693     3.474436     5.365776    11.619018     6.562616     6.898740     6.314359     0.036253     0.003817
  118    1  1131.517791   173.384702     3.868463     4.665194    13.350068     6.666860     8.833070     5.754403     0.036631     0.003899
  119    1  1194.449692   171.636321     3.601694     5.124540    13.671070     6.782734     7.748338     7.359728     0.035176     0.003837
  120    1   957.402484   209.391953     3.676466     5.006918    14.031715     6.587785     7.922770     6.419283     0.036860     0.003913
  121    1  1096.466027   192.719377     4.089418     4.593276    13.350177     6.762956     7.700541     6.455403     0.036139     0.003900
  122    1  1011.238917   194.930009     3.236904     5.743265    12.881484     6.532241     8.202653     6.865576     0.037667     0.003853
  123    1  1187.077402   193.250762     3.461469     5.383590    13.277567     6.663355     7.392282     6.136806     0.036212     0.003831
  124    1  1097.111270   230.278974     3.288668     5.550935    14.265333     6.779691     8.040399     5.334643     0.035773     0.003831
  125    1   910.601786   196.971963     3.574686     5.056260    12.602389     7.211606     8.323113     5.464274     0.033093     0.003776
  126    1  1158.921501   184.763391     3.953203     5.092413    13.341621     7.191295     8.298626     5.551745     0.033857     0.003880
  127    1  1104.161459   211.211568     3.779720     4.727808    13.667716     7.041051     8.013859     6.908571     0.033651     0.003857
  128    1  1291.889739   228.631526     3.615491     5.150012    14.083735     6.537682     8.462281     5.590683     0.036765     0.003783
  129    1  1067.437653   205.379534     3.353230     5.771147    13.037170     7.370222     7.482843     6.525653     0.033502     0.003915
  130    1   981.270597   162.225569     3.996397     4.780801    13.168113     6.794805     9.042896     6.936056     0.035853     0.003867
  131    1  1167.682899   178.585460     4.030320     5.124951    13.099011     5.731800     8.352672     7.028630     0.042946     0.003933
  132    1  1188.850937   201.282473     3.175560     5.644951    13.077578     6.813617     7.750904     5.677396     0.034316     0.003792
  133    1  1054.427171   180.646429     3.946684     4.755184    14.433683     6.571060     8.239775     7.873729     0.037323     0.003954
  134    1  1188.689939   226.294879     3.960169     4.933080    13.168011     6.924611     7.846739     5.662087     0.035569     0.003900
  135    1  1068.309601   173.159734     3.398983     5.587324    13.758193     6.871546     7.627073     6.044981     0.035076     0.003858
  136    1  1139.870395   219.644876     3.780936     5.443589    13.264325     6.515327     8.601533     5.687331     0.039032     0.003970
  137    1   969.581145   209.160877     3.940744     4.670687    12.183119     6.473923     8.606618     6.279378     0.037507     0.003929
  138    1  1074.514064   232.265873     4.149261     4.844828    12.644137     6.664455     7.807539     5.754695     0.036668     0.003824
  139    1  1010.839495   189.078916     3.955056     4.567079    12.978217     7.057715     8.436895     5.796659     0.032828     0.003709
  140    1  1058.462235   201.556160     3.002470     5.854573    11.258930     6.847275     7.633682     7.295475     0.035135     0.003850
  141    1  1072.801207   205.924258     3.509655     5.275946    12.240307     6.669800     7.589257     6.086792     0.035555     0.003813
  142    1  1276.611367   216.324308     3.704504     5.287544    13.330823     6.924942     7.428335     7.388841     0.035334     0.003956
  143    1  1083.731535   180.829996     3.243128     5.660595    13.773649     6.777866     7.942828     5.303163     0.035986     0.003796
  144    1  1150.210499   219.946848     3.716759     5.378631    14.153341     7.031456     8.185204     6.336625     0.033983     0.003803
  145    1  1280.601485   208.629543     4.046722     5.194927    13.989519     6.586925     7.751234     5.540411     0.037188     0.003823
  146    1  1167.464239   193.296861     3.655103     5.385952    12.536384     6.434294     7.966171     8.089352     0.038044     0.003887
  147    1  1010.493025   195.455901     3.773461     4.768403    13.782534     6.810729     7.641594     5.659356     0.034594     0.003788
  148    1  1124.852506   221.172047     3.323257     5.323563    13.758793     6.499510     8.225992     6.553584     0.037902     0.003853
  149    1  1309.119490   203.131454     4.028095     5.160943    11.293098     6.513116     8.102102     6.164486     0.036683     0.003778
  150    1  1019.134612   210.670348     3.948512     4.923281    14.227778     6.819101     7.701771     5.768067     0.035911     0.003803
  151    1  1085.210125   215.123767     3.651996     5.312364    15.166321     6.925948     7.228270     6.712114     0.034292     0.003809
  152    1  1025.144687   168.988108     3.946818     4.961393    12.634596     6.666595     7.233520     6.691308     0.035520     0.003862
  153    1  1185.082176   183.162165     3.453162     5.384789    11.776937     6.576294     8.338651     5.872865     0.037462     0.003994
  154    1  1177.742526   209.501111     3.638195     4.971967    12.776271     7.313887     8.703436     5.928592     0.032436     0.003823
  155    1  1101.571529   191.687311     3.670202     5.370400    12.853228     7.140660     6.831078     5.435593     0.033955     0.003838
  156    1  1141.786024   235.004949     3.451218     5.551982    11.765439     7.038008     7.796101     5.332556     0.034901     0.003881
  157    1  1135.633272   191.556263     3.329252     5.600373    13.878529     7.022384     7.837399     4.802107     0.034732     0.003770
  158    1  1066.728756   207.936535     3.902366     5.081402    12.723736     6.657894     8.102921     6.250759     0.037049     0.003879
  159    1  1033.764565   192.100785     4.066624     4.897745    11.840693     6.701097     7.784831     4.928328     0.037249     0.003864
  160    1  1056.416308   187.919344     3.459776     5.115895    12.784285     6.901377     8.478801     5.468309     0.034120     0.003823
  161    1  1292.326544   177.966612     3.780442     5.057431    12.185918     6.565220     8.231468     6.551633     0.037239     0.003865
  162    1  1154.314341   183.617146     3.575277     5.768090    12.449011     6.780277     7.562866     6.535316     0.034709     0.003789
  163    1  1239.591024   256.011211     3.886158     5.265814    12.932599     6.776634     7.918516     5.636955     0.035858     0.003868
  164    1  1112.312783   206.205580     3.686752     5.246031    12.966144     6.636807     8.254364     5.367754     0.036001     0.003811
  165    1   904.477412   193.988279     3.812725     4.900683    13.783301     6.784817     7.881520     6.525859     0.035644     0.003899
  166    1  1084.079129   189.642595     3.596781     5.290852    11.682764     6.904937     7.712103     5.913127     0.034403     0.003802
  167    1  1143.560658   179.566732     4.005136     4.722618    11.296510     6.584365     8.259134     5.093288     0.037114     0.003858
  168    1  1109.588793   201.462232     3.510564     5.399969    12.236158     7.001937     8.088604     5.856415     0.034575     0.003876
  169    1  1088.117564   232.844677     3.546697     5.067217    11.993871     6.983248     7.931335     5.405858     0.034002     0.003806
  170    1  1159.308390   214.246823     4.137109     4.623501    12.776861     6.898429     7.481301     7.095101     0.033892     0.003763
  171    1  1066.758303   187.062769     3.066487     5.841652    12.967407     7.198194     7.717036     5.193475     0.033559     0.003849
  172    1  1223.201034   185.740581     3.592813     5.351203    14.524343     7.062505     8.987667     5.258232     0.035094     0.003896
  173    1   996.004907   210.652279     3.801532     4.897810    12.906495     6.805030     8.716676     5.101255     0.035561     0.003794
  174    1  1178.650202   169.094110     3.446375     5.474839    12.878183     6.878753     7.777679     4.304060     0.034457     0.003741
  175    1  1200.132237   194.395337     3.978780     5.166789    13.192102     7.058538     7.665804     7.102001     0.034035     0.003847
  176    1  1077.454232   180.328839     3.431994     5.105084    12.765466     6.634777     7.947871     6.463494     0.036441     0.003908
  177    1   934.351897   206.516789     4.087927     4.693335    12.945913     6.919093     8.018955     4.813672     0.034310     0.003741
  178    1   991.865644   172.311221     3.588815     5.015199    12.834821     6.584265     8.415416     7.404678     0.038569     0.004135
  179    1   989.019195   198.148849     4.053613     4.771226    14.910011     6.628986     7.355072     5.963788     0.037341     0.003919
  180    1  1237.061006   183.042364     3.933136     4.841353    12.097288     6.902510     7.947823     5.773667     0.035356     0.003873
  181    1  1033.254182   200.362255     3.805522     5.212152    12.437292     6.714876     8.082791     4.370448     0.036651     0.003846
  182    1  1059.448215   236.648869     2.986824     5.613424    12.693714     7.214573     8.527506     6.953961     0.033504     0.003778
  183    1  1329.050112   158.660763     3.809888     5.034992    14.001535     6.921035     8.090779     4.887607     0.034416     0.003732
  184    1  1057.444272   204.585650     3.596721     5.429760    13.681187     6.963352     7.296539     5.084508     0.034296     0.003804
  185    1  1237.842081   229.715244     3.785524     5.134481    11.747234     6.498302     8.237678     5.661359     0.037187     0.003766
  186    1  1205.814874   179.490478     3.876744     4.880493    13.131305     6.651026     9.471317     6.089819     0.036022     0.003761
  187    1  1151.543805   199.742259     3.658713     4.905954    11.778354     6.674458     8.183448     5.069936     0.036962     0.003918
  188    1  1145.818273   157.988232     3.556889     5.069037    12.819464     6.822865     7.926218     4.152781     0.035862     0.003841
  189    1  1170.173269   199.468791     3.385137     5.294689    13.908423     6.731684     8.002982     4.839157     0.035946     0.003737
  190    1  1153.361266   194.077763     3.483477     5.463517    12.255003     6.925904     7.305499     6.787923     0.036402     0.004010
  191    1  1022.704056   214.368701     3.619201     5.269301    13.388169     6.779847     7.644368     5.985087     0.035212     0.003799
  192    1  1059.965716   193.612563     4.098946     4.652318    13.689667     6.134953     8.347028     6.955558     0.039677     0.003817
  193    1  1107.652775   156.939490     3.571358     5.187903    12.847987     6.774148     7.876959     6.665193     0.036511     0.003904
  194    1  1208.350945   208.552926     3.772031     4.673092    12.815413     7.052844     8.250842     6.234566     0.034215     0.003825
  195    1  1109.134990   204.259244     3.399249     5.577018    15.729539     6.431790     7.961487     5.299192     0.038621     0.003917
  196    1   978.498541   177.587171     3.594167     5.425479    12.499106     6.869949     7.763610     3.708095     0.036589     0.003908
  197    1  1005.024434   229.283622     3.066961     5.854455    14.530954     6.876507     8.382900     5.408731     0.035981     0.003925
  198    1   998.909044   218.386076     4.019991     4.789989    13.024161     6.920229     7.432836     6.104751     0.035835     0.003839
  199    1  1203.062980   208.304335     3.966121     5.215573    11.598525     7.027331     7.937272     5.497812     0.035339     0.003930
  200    1  1213.201465   189.754925     3.414320     5.670602    11.683851     6.531322     7.836094     4.720850     0.037908     0.003862
  201    1   918.017632   197.295797     4.114225     4.494724    11.949047     7.048655     7.556163     7.728654     0.034106     0.003836
  202    1  1385.690103   184.421608     3.345671     5.668454    15.065783     6.806969     8.350288     8.079825     0.035582     0.003922
  203    1  1082.313365   197.835636     3.573923     5.125109    13.753920     6.758296     8.428129     6.616969     0.036233     0.003874
  204    1   991.682368   191.998520     3.699201     5.272230    13.776888     6.922964     7.675764     6.806848     0.035584     0.003959
  205    1  1197.353777   214.112482     4.385529     4.539605    12.387893     6.927283     8.205833     6.545320     0.035230     0.003849
  206    1   976.456404   198.987202     3.890504     5.058697    13.818236     6.431400     8.049442     4.462176     0.038458     0.003856
  207    1  1102.441728   184.643640     3.695076     4.921795    12.226527     6.809225     7.996222     5.299111     0.036571     0.003891
  208    1  1175.086934   141.712417     3.412400     5.275670    13.546365     6.677020     8.401401     5.946855     0.036782     0.003874
  209    1  1119.099122   190.285086     4.050316     4.758352    12.780385     6.786627     8.403135     5.264219     0.035735     0.003858
  210    1   915.050009   172.478083     3.361783     5.580197    12.428937     6.571660     7.824706     5.586685     0.037448     0.003863
  211    1  1011.695175   199.683246     3.551590     5.279148    14.227229     6.644234     7.413056     5.568719     0.036079     0.003879
  212    1  1200.916853   204.254731     3.265465     5.761944    11.530215     7.072457     8.203487     5.921506     0.034051     0.003854
  213    1  1230.179466   192.032904     3.752393     5.219286    13.840080     6.971681     7.759026     7.751724     0.034127     0.003846
  214    1  1125.864954   189.650647     4.072370     5.039890    14.228156     6.395181     8.224490     5.796745     0.038963     0.003905
  215    1  1057.032692   217.235899     3.758240     5.040023    14.134301     6.645330     7.803399     6.011059     0.037003     0.003895
  216    1  1101.693435   199.011717     3.761820     5.269546    11.291125     6.930351     8.409009     5.894380     0.033874     0.003771
  217    1  1246.682783   188.895780     3.226270     5.471718    13.603452     6.718153     7.556193     5.978191     0.035371     0.003773
  218    1  1236.368153   212.305075     3.287743     5.547005    12.296706     6.771417     7.440535     6.269412     0.035662     0.003817
  219    1  1048.909172   196.236958     4.160413     4.619657    13.844036     6.840520     8.205395     7.424898     0.035819     0.003942
  220    1  1122.722919   190.872017     3.582058     5.561893    11.710338     6.851076     7.401599     7.036532     0.034146     0.003804
  221    1  1090.176879   231.947044     3.730662     5.158783    14.545389     6.661340     7.784843     5.450168     0.037152     0.003868
  222    1  1132.005297   210.519469     3.327484     5.614954    12.489998     6.101107     7.606053     6.592150     0.039484     0.003886
  223    1   945.762307   218.090041     3.993858     4.499289    13.124022     6.635132     8.979860     6.131686     0.035782     0.003840
  224    1  1182.312833   204.866745     3.781774     4.879206    12.738731     7.098800     8.685645     5.952578     0.033915     0.003824
  225    1  1011.578420   221.111605     3.594376     5.068543    13.438498     6.802937     7.526059     6.868361     0.034863     0.003859
  226    1  1055.565722   244.234765     3.363700     5.340341    14.244573     6.874851     7.840858     5.534747     0.036131     0.003953
  227    1  1210.682857   211.084289     3.733083     4.975141    11.970911     6.559702     7.599985     4.866084     0.037369     0.003764
  228    1  1264.916036   210.235783     4.225688     4.780201    12.202029     6.798121     7.625071     5.413864     0.034475     0.003716
  229    1  1192.818525   190.983608     3.828802     4.910509    13.341847     6.623555     7.770812     4.753210     0.037126     0.003872
  230    1  1045.235921   177.956647     3.939435     4.729818    13.137069     7.547097     7.832700     5.692511     0.032172     0.003842
  231    1  1251.482554   191.771775     3.964611     4.936305    12.178614     6.772056     8.063748     6.334882     0.036451     0.003898
  232    1  1163.270033   184.163720     3.812437     5.169046    12.578942     6.999036     7.583233     5.991937     0.034128     0.003853
  233    1  1196.134397   245.705481     3.763948     5.352029    11.169408     6.729704     7.910678     6.137108     0.036245     0.003902
  234    1  1174.758781   192.608799     3.697542     4.962805    13.856432     6.978200     7.682091     7.349942     0.033310     0.003786
  235    1  1169.524223   200.136482     3.605553     5.231860    13.258327     6.905532     7.277718     5.865289     0.034696     0.003853
  236    1  1050.554189   217.365230     3.757027     5.117085    12.518411     6.848136     8.392900     6.988149     0.034061     0.003752
  237    1  1146.720370   191.163639     3.557252     5.399864    13.630784     6.898858     7.372423     5.741671     0.034271     0.003825
  238    1  1141.721082   173.145563     3.608675     5.066630    13.088905     6.867756     8.358131     6.327217     0.034867     0.003786
  239    1  1032.724933   191.830885     3.355993     5.520587    12.546552     6.568676     7.946431     6.510525     0.037373     0.003887
  240    1   950.973694   200.081892     3.915520     5.005935    13.621750     6.548393     7.304943     5.202865     0.037849     0.003891
  241    1  1200.657005   204.118599     3.819062     4.809809    13.032655     6.660147     7.793009     6.802198     0.035648     0.003729
  242    1  1045.121893   158.111038     3.542858     5.164422    12.653313     7.080503     7.682079     6.174497     0.034263     0.003859
  243    1  1169.049494   202.580039     3.618113     5.345554    13.569791     6.635305     7.866616     7.426246     0.036187     0.003801
  244    1  1199.019187   234.240848     3.510877     5.588977    10.735747     6.764986     7.357188     6.212504     0.035398     0.003772
  245    1  1267.960153   147.830961     3.652939     5.064580    12.472121     6.436635     8.094278     5.571703     0.038780     0.003906
  246    1   964.871607   214.815267     3.722499     5.110618    13.660302     6.468673     7.901630     5.144756     0.038856     0.003898
  247    1   958.674790   180.770970     4.366930     4.452495    13.278161     6.204954     7.460994     5.822542     0.039520     0.003885
  248    1  1139.032506   214.683407     3.480864     5.541575    13.626370     6.624447     8.121738     6.797205     0.036732     0.003844
  249    1  1125.942117   188.325290     3.998661     4.714107    12.113407     6.555497     8.157493     7.585188     0.036978     0.003870
  250    1  1171.913339   221.806396     3.987269     4.790549    13.039982     6.563082     8.525834     6.031327     0.036324     0.003819
  251    1  1024.748518   202.651354     3.730584     4.762894    13.433268     6.506963     8.372810     6.451579     0.036885     0.003747
  252    1  1145.777921   201.936084     3.345537     5.452291    12.020485     6.497206     8.273949     6.773008     0.037497     0.003906
  253    1  1230.509981   219.261202     3.983395     5.125949    13.217369     6.877410     8.360329     6.710425     0.036157     0.003923
  254    1  1143.999162   171.856371     4.039482     4.877967    13.246211     6.666838     7.514117     7.929081     0.036296     0.003878
  255    1  1227.142314   200.808703     3.818168     5.003782    13.532896     6.557859     8.004816     4.859830     0.037348     0.003852
  256    1   989.753246   187.851051     3.752173     5.184345    12.527597     6.686329     7.933178     5.655853     0.036898     0.003884
  257    1  1253.397908   199.262912     3.855194     5.099133    13.630449     6.775710     7.881666     6.863656     0.037477     0.004009
  258    1  1248.222370   219.425551     3.444716     5.436537    12.651205     6.640334     9.333732     4.649390     0.037154     0.003815
  259    1  1147.550733   209.168500     3.933509     4.746533    11.399162     7.163939     8.362695     5.572902     0.033554     0.003801
  260    1  1160.017151   183.165377     3.716733     5.190738    14.138956     6.691622     7.598164     4.277466     0.037303     0.003874
  261    1  1075.957293   164.747323     3.591933     5.368026    12.762674     7.066756     8.058236     5.673552     0.035257     0.003944
  262    1  1040.114512   213.258298     3.916409     4.999171    13.481349     6.857106     8.322115     7.576739     0.034623     0.003873
  263    1  1119.521128   198.546648     4.017726     4.785529    11.435984     6.793823     7.661643     7.683623     0.034311     0.003786
  264    1  1227.937201   201.819003     3.796325     4.843274    12.846466     6.790618     8.580523     4.214881     0.036586     0.003834
  265    1  1172.119365   204.730646     3.420242     5.388188    12.752081     6.823236     7.533950     4.973613     0.036729     0.003879
  266    1  1009.425420   166.111190     3.746760     5.081053    13.529408     6.785112     7.746501     6.765876     0.036001     0.003834
  267    1  1244.998760   169.003063     3.598034     5.224599    14.054721     6.858087     8.067479     7.326543     0.035299     0.003882
  268    1  1132.845002   222.048464     3.954518     4.683988    14.106448     6.723988     8.361704     7.660878     0.036086     0.003881
  269    1  1148.240866   190.323023     3.996945     4.597521    13.041016     7.236409     8.036900     6.506727     0.033401     0.003807
  270    1  1230.648195   213.770111     4.243609     4.523288    13.474707     6.741988     7.949705     6.687019     0.035828     0.003861
  271    1  1314.296724   192.052801     4.258795     4.672467    13.652131     6.771276     8.523403     6.057428     0.035868     0.003778
  272    1  1269.936810   210.341679     3.306659     5.386037    12.688952     7.260187     8.151291     6.260076     0.032404     0.003788
  273    1  1193.071728   222.063050     3.857655     4.961189    13.035588     7.241435     7.518907     6.061465     0.033307     0.003937
  274    1  1177.690487   177.538530     3.873950     4.760148    11.787091     6.897603     8.683078     6.191768     0.034168     0.003772
  275    1  1090.976439   203.405619     3.541830     5.307214    14.791953     6.485599     8.037100     6.164363     0.037381     0.003842
  276    1   969.282421   184.152904     3.545862     5.196761    10.353005     6.603552     8.208133     4.333688     0.036954     0.003804
  277    1  1015.326519   228.198616     3.785224     4.980176    13.741080     6.977696     8.319748     6.452806     0.033968     0.003846
  278    1  1208.559061   195.605242     3.838637     5.094195    11.896102     6.752421     7.841277     6.445147     0.037090     0.003930
  279    1  1100.005174   194.412216     3.418066     5.297736    12.904636     6.199427     8.492859     6.421937     0.038729     0.003835
  280    1  1279.798721   181.773209     3.533337     5.151389    12.156716     6.288960     8.640555     5.616692     0.039548     0.003912
  281    1  1190.693682   220.163746     3.947649     4.703090    12.993379     6.914656     7.589470     6.147909     0.034828     0.003830
  282    1  1172.777411   222.427367     3.706542     5.066553    14.056434     6.889586     8.336591     5.261558     0.035495     0.003918
  283    1   983.318690   200.381307     3.441198     5.427323    13.164142     7.300719     7.566113     6.302862     0.032386     0.003826
  284    1   974.473267   192.739295     3.680251     4.817455    12.217863     6.620692     8.277448     6.119318     0.035904     0.003846
  285    1   931.084839   182.880769     3.241434     5.582099    13.742916     7.008851     7.084235     7.119482     0.034350     0.003848
  286    1  1093.057873   199.855603     3.426419     5.650290    13.397044     6.702307     8.174351     7.837425     0.035497     0.003805
  287    1  1257.030287   172.858622     3.860261     4.788447    12.656043     7.114430     7.128989     6.305676     0.033469     0.003807
  288    1  1191.859532   236.429554     2.911099     5.896820    12.901019     7.107074     8.381951     6.499396     0.034554     0.003851
  289    1  1141.929916   184.105003     3.984624     5.238214    12.847496     6.883720     6.763934     5.147004     0.034876     0.003833
  290    1  1117.670862   194.919494     3.830708     4.992585    13.393959     6.505214     8.010026     5.848833     0.037392     0.003849
  291    1  1189.308706   180.322660     3.670643     5.596533    13.232663     6.309266     8.104585     6.379036     0.038043     0.003794
  292    1  1143.106632   225.033383     3.769271     5.235520    14.419799     6.872036     7.513716     5.391196     0.035834     0.003884
  293    1   818.702683   211.803647     3.776724     4.846575    13.004819     6.956427     7.093171     5.259631     0.034588     0.003790
  294    1  1000.934992   221.477910     3.480440     5.179564    11.930593     6.746575     7.294193     7.320986     0.036873     0.003922
  295    1  1141.504606   206.983243     3.369055     5.200599    11.373357     6.454995     7.591860     5.541882     0.038381     0.003861
  296    1  1148.717644   179.476494     4.070852     4.663662    11.944496     6.637142     8.163402     5.460106     0.037940     0.003853
  297    1  1121.734933   187.977721     3.509273     5.419686    13.909512     7.044936     7.978562     5.612246     0.035649     0.003908
  298    1  1041.560276   182.433764     3.390647     5.739841    12.096346     6.574887     8.052020     6.112992     0.037595     0.003856
  299    1   941.882941   194.745295     3.831816     4.973075    13.622707     6.489283     7.472637     5.798932     0.037388     0.003887
  300    1  1164.389489   174.031177     4.138742     4.923697    12.907496     6.656706     7.366642     4.749529     0.035816     0.003724
  301    1  1171.307269   231.487896     3.487302     5.266342    11.684362     6.996862     8.110851     6.806051     0.033187     0.003716
  302    1  1096.673849   207.561839     3.791402     5.143312    13.498512     6.850461     7.771258     5.269227     0.034882     0.003781
  303    1  1292.809072   180.836963     3.757952     5.354582    11.857646     6.876549     7.051479     6.973013     0.035738     0.003959
  304    1  1178.743142   203.593570     3.694615     5.290205    14.008326     6.656275     8.274975     5.075549     0.037379     0.003834
  305    1  1026.993521   192.002405     3.717577     5.220071    13.393339     6.794701     7.479846     7.274052     0.035272     0.003853
  306    1  1276.699150   192.115864     3.701349     5.315440    13.913377     6.712637     7.652217     7.321722     0.036027     0.003813
  307    1  1038.288193   156.005832     3.941288     4.539075    13.241187     6.777088     8.099043     6.311614     0.037194     0.003957
  308    1  1250.145075   206.758336     3.679314     5.111813    12.995064     6.845267     7.582190     5.512240     0.035467     0.003808
  309    1  1099.880303   211.531556     3.949767     4.937434    12.440445     6.713509     7.921489     6.063903     0.035684     0.003769
  310    1  1001.109576   211.139034     3.586524     5.319838    13.410796     6.804928     7.488569     6.449136     0.035296     0.003805
  311    1  1222.738474   189.029806     3.827058     4.607253    12.240945     7.183423     7.854360     6.886882     0.033512     0.003824
  312    1  1243.883408   221.617712     3.797648     5.472156    12.717894     6.518452     7.757024     6.229696     0.038763     0.003884
  313    1  1004.047398   213.455962     3.759699     5.302670    12.316247     6.325902     7.938932     5.631232     0.038692     0.003876
  314    1  1057.053070   162.065903     3.840701     5.356914    13.074251     6.201751     8.042128     6.823812     0.038688     0.003851
  315    1  1014.106821   187.063981     3.838527     4.547219    14.278671     7.258528     8.242941     7.647271     0.032462     0.003819
  316    1  1023.323997   184.730244     4.065574     4.752912    13.711850     6.563920     8.596140     6.469891     0.035897     0.003820
  317    1  1137.908467   226.966414     3.568418     5.318497    12.475809     6.826019     8.015384     6.575685     0.035781     0.003865
  318    1  1165.951294   185.618685     3.599835     5.216292    11.161880     6.686999     8.076948     6.271035     0.035706     0.003786
  319    1  1012.790886   214.955601     3.838756     4.991805    13.452523     6.829732     8.180722     6.411141     0.034601     0.003781
  320    1  1230.921509   207.117097     3.723300     5.279246    12.125795     6.765159     7.592841     5.871920     0.035644     0.003798
  321    1  1193.789054   197.679268     3.510450     5.892406    13.111481     6.676272     7.777014     4.873726     0.036789     0.003867
  322    1  1057.313237   160.885976     3.645738     5.074619    12.522891     6.962214     7.770392     6.484179     0.034526     0.003896
  323    1  1256.777765   199.161109     4.082466     4.829377    13.206998     6.463080     8.102077     4.761117     0.039137     0.003885
  324    1   981.683310   180.181412     2.995759     5.994053    14.954898     6.977933     8.182266     5.266208     0.034705     0.003852
  325    1  1218.083960   208.142598     4.210520     4.488589    14.331888     6.588473     8.255549     5.944696     0.037159     0.003874
  326    1  1183.174778   216.136257     3.885478     5.106075    13.516055     6.774458     7.232845     6.675648     0.036165     0.003891
  327    1  1156.972047   219.203998     4.065782     4.640249    11.716476     6.951744     7.947542     6.564972     0.034276     0.003878
  328    1  1155.275957   214.581023     3.664222     5.304175    12.951629     7.025523     7.547278     4.247439     0.036377     0.003986
  329    1  1214.771305   188.480504     3.733260     5.443482    13.137527     6.923802     8.066529     5.762037     0.035473     0.003857
  330    1  1188.191004   193.277711     3.382026     5.382085    12.328897     6.611025     7.812067     6.713688     0.037706     0.003915
  331    1  1187.181210   195.007675     4.093805     4.712701    12.364824     6.496388     8.157898     5.986784     0.037959     0.003907
  332    1  1187.183223   185.253832     4.070867     4.903037    12.343565     6.426216     7.704741     6.514579     0.037290     0.003750
  333    1  1158.268579   202.947166     4.239609     4.934352    15.525417     6.988775     7.487957     6.259748     0.035981     0.003926
  334    1  1075.751627   201.924285     3.482995     5.173739    11.757060     7.269225     7.719045     6.484846     0.033125     0.003859
  335    1  1149.763814   216.427938     3.698451     4.963521    14.534195     6.790571     7.789561     4.525328     0.035977     0.003834
  336    1  1216.393902   184.600629     3.669012     4.892726    13.037432     7.815282     7.990483     6.117505     0.031532     0.003898
  337    1  1056.392689   189.380025     4.072475     4.870555    12.401506     6.542320     8.026460     5.281265     0.037342     0.003842
  338    1  1160.436423   198.986674     3.967085     4.568502    12.864720     6.794362     8.281205     7.553031     0.036492     0.003926
  339    1  1035.957774   215.203635     3.783341     5.081294    11.595621     6.745889     7.967551     5.787548     0.035745     0.003835
  340    1  1190.738720   185.805978     3.950671     5.042802    13.597382     6.833833     7.484890     6.286211     0.035102     0.003845
  341    1  1009.330967   207.567177     3.594004     5.176856    11.470150     6.739022     8.125469     5.582010     0.037129     0.003880
  342    1  1182.670194   176.846939     3.986745     4.826188    13.490173     6.783538     7.997960     5.842350     0.035669     0.003875
  343    1  1059.157755   203.729949     3.587260     5.238192    14.549212     6.466336     8.098933     5.935488     0.037354     0.003797
  344    1  1341.012500   205.221481     3.390190     5.525082    15.097051     7.024845     7.047354     6.383034     0.034863     0.003859
  345    1  1224.916332   216.087436     3.682734     5.171687    11.816488     6.545368     8.156858     6.998951     0.036295     0.003836
  346    1  1217.851408   217.517189     3.879326     5.200795    13.234253     6.465427     8.289960     5.746015     0.038872     0.003933
  347    1  1158.102797   213.085356     3.792192     4.882350    15.057454     6.592642     8.454949     5.485234     0.036834     0.003794
  348    1  1064.505211   197.858495     4.198938     4.287556    14.622627     6.961263     7.450380     5.973456     0.035054     0.003853
  349    1  1033.940488   203.509389     3.762311     5.341273    11.348031     6.926129     8.005713     6.087298     0.035240     0.003822
  350    1  1154.689121   173.129296     4.051457     4.920577    13.248184     6.599012     7.720992     5.420780     0.037238     0.003832
  351    1  1278.640243   161.335596     3.999565     4.931398    14.462735     6.706634     7.115629     5.948358     0.037233     0.003891
  352    1  1215.251636   204.364459     3.785407     5.102427    13.374403     6.843128     8.665244     5.558845     0.034815     0.003698
  353    1  1106.351100   233.029726     3.682953     5.112872    13.198464     6.676650     8.862358     3.712771     0.037047     0.003813
  354    1  1189.379335   162.871008     3.365535     5.834768    14.443222     6.869683     7.610039     6.198881     0.034772     0.003827
  355    1  1119.880569   209.405942     3.849827     4.801539    12.226632     6.646471     7.990510     6.422674     0.036032     0.003812
  356    1  1154.998068   183.589153     4.086689     4.962680    11.868258     6.793529     7.974360     5.774399     0.035361     0.003856
  357    1  1273.123289   161.735321     3.604471     5.250648    11.964799     6.570932     8.326385     5.830698     0.037001     0.003859
  358    1  1106.512774   216.444142     3.565091     5.074418    12.960779     6.704571     7.591823     4.224452     0.035629     0.003745
  359    1  1138.288176   237.484347     3.932634     5.023887    14.180777     6.623882     8.339282     7.022215     0.036017     0.003878
  360    1  1179.725463   179.582619     3.756861     5.255133    13.961633     6.304063     8.163336     6.372910     0.039069     0.003858
  361    1  1164.098178   178.916607     3.357010     5.435209    14.458931     6.924327     7.992982     5.363841     0.035685     0.003887
  362    1  1115.176121   182.003863     3.316439     5.407408    11.650594     6.686669     7.392543     5.935830     0.037239     0.003952
  363    1  1120.827289   188.570002     3.836682     4.980995    13.369998     6.868600     8.020741     5.894897     0.036540     0.003950
  364    1  1168.791863   179.824015     3.873013     4.951330    12.853697     7.343679     8.028479     6.560818     0.032650     0.003836
  365    1  1251.126450   207.339756     3.676168     4.957496    13.552030     6.630138     8.412748     5.907804     0.037451     0.003910
  366    1  1210.845426   197.053725     3.311672     5.469644    12.486453     5.953680     8.079084     4.239571     0.041379     0.003858
  367    1  1178.501111   208.810280     4.038452     4.965974    12.186851     6.706173     7.961746     7.205825     0.037071     0.003933
  368    1  1027.372909   174.662744     3.870971     4.726087    11.457788     6.883209     8.822829     6.082750     0.036469     0.003896
  369    1  1070.614108   210.443122     3.733676     5.079331    14.530454     6.732759     7.735507     6.556984     0.035608     0.003886
  370    1   945.613731   177.343401     3.663951     4.991857    13.467537     6.695399     7.805621     6.158106     0.035933     0.003821
  371    1  1104.211434   206.307267     4.118046     4.611084    14.652337     6.735477     7.817997     6.426105     0.036018     0.003908
  372    1  1049.023055   187.372755     3.780881     4.872885    12.822864     6.427472     7.599067     6.516999     0.037827     0.003897
  373    1  1079.540319   170.818046     4.089216     4.838836    13.073806     6.277851     8.051882     5.853129     0.039968     0.003867
  374    1  1246.998288   218.949185     3.936516     4.894881    13.244863     6.501327     8.101711     8.462503     0.036869     0.003799
  375    1  1123.920944   189.241805     3.739905     5.421555    13.252452     6.486674     8.029401     6.771887     0.037569     0.003859
  376    1  1148.917811   195.034370     3.858930     5.165960    12.578089     6.958316     8.272528     7.189617     0.035137     0.003942
  377    1  1180.292224   188.692815     3.456117     5.219504    14.503649     6.697617     8.001297     6.754996     0.036501     0.003872
  378    1  1184.534980   215.688997     3.892775     4.924316    12.606166     6.499760     7.727458     6.297620     0.038601     0.003931
  379    1  1159.048215   219.945433     4.260458     4.562983    11.767781     6.561988     7.532201     5.083359     0.037558     0.003866
  380    1  1221.066915   216.246243     3.147654     5.914871    12.788960     6.861353     8.405196     6.976960     0.035285     0.003834
  381    1  1233.204843   217.817356     3.696137     5.125253    12.979576     7.017339     7.940995     6.433099     0.034295     0.003883
  382    1  1074.019260   172.437398     3.637587     5.179707    14.087955     6.846770     7.993118     5.898776     0.037347     0.003937
  383    1  1166.323387   165.362140     3.209742     5.631373    13.291744     6.450690     8.448904     4.424486     0.037649     0.003828
  384    1  1213.540564   195.335178     3.542543     5.286797    14.828077     6.471327     8.444860     5.302871     0.038878     0.003882
  385    1  1195.134643   203.416635     3.333844     5.903774    11.839700     6.994864     7.871237     6.309623     0.035653     0.003960
  386    1  1052.687862   154.495482     3.552106     4.955818    12.492303     7.027806     7.540974     5.661446     0.035653     0.003973
  387    1  1322.995892   193.734449     3.517425     5.645520    12.636386     6.920376     7.572902     7.521411     0.034717     0.003868
  388    1  1043.969883   194.528759     3.495900     4.946493    15.917589     6.758624     8.185878     5.986793     0.035876     0.003826
  389    1  1008.239855   186.771949     3.705734     4.917232    11.081277     6.838503     8.167689     6.390617     0.035685     0.003825
  390    1  1108.671880   197.060247     3.408420     5.248265    12.756523     6.623604     7.604784     6.382032     0.037298     0.003900
  391    1  1267.953478   188.124360     3.247526     5.696339    11.548809     6.949776     7.738062     4.969401     0.034838     0.003863
  392    1  1076.622291   198.833266     4.352765     4.504207    12.828834     7.117053     8.478820     5.346953     0.034830     0.003875
  393    1   981.756922   193.628647     3.935686     4.729898    13.548994     6.901923     8.163406     5.740570     0.035078     0.003862
  394    1  1142.524622   198.190679     3.513701     5.026672    13.990483     6.503479     8.954214     6.113342     0.037602     0.003880
  395    1  1009.276976   205.251863     3.232669     5.676301    14.312262     6.544970     8.435737     6.776547     0.036366     0.003819
  396    1   982.464518   239.116145     3.293369     5.462645    13.699186     6.738913     8.365417     6.664204     0.037255     0.003935
  397    1  1211.423784   205.749633     3.494179     5.206230    13.508211     6.974489     7.917563     5.703773     0.035082     0.003873
  398    1  1118.725319   173.348849     4.282419     4.814078    14.916342     6.294664     7.692370     6.643837     0.039178     0.003895
  399    1  1235.235768   170.562730     4.021612     5.155379    13.441815     6.788024     6.342914     5.215005     0.036369     0.003868
  400    1  1224.538660   210.669672     3.491055     5.780029    12.840385     6.894558     7.090738     5.595768     0.034485     0.003790
  401    1  1288.818697   217.779245     3.684731     5.154364    12.842413     7.135075     8.156848     7.773856     0.033158     0.003859
  402    1  1129.020267   219.247437     3.791951     5.238771    12.231165     6.580236     7.702942     5.053360     0.036063     0.003753
  403    1  1065.433872   214.277857     3.814914     4.944620    13.226092     7.362345     6.609126     6.758549     0.032180     0.003846
  404    1  1326.163354   201.109640     4.158815     4.513939    13.691384     6.438477     7.851989     6.375038     0.036648     0.003753
  405    1  1087.510333   226.232819     3.982593     4.878947    11.326935     6.333043     8.105787     6.194454     0.038065     0.003813
  406    1  1090.189534   234.521470     3.296119     5.574386    12.097138     6.650131     8.781823     5.259075     0.037172     0.003938
  407    1  1090.062235   218.013507     4.184168     4.289759    14.101505     7.079669     7.957375     5.675153     0.033040     0.003708
  408    1  1098.400398   198.946357     3.846725     4.785832    11.930661     6.396401     8.708455     5.394429     0.036678     0.003779
  409    1  1065.320168   215.146953     2.772677     5.736204    11.549093     6.875071     8.180310     6.361666     0.035194     0.003852
  410    1  1027.125571   164.015949     3.496616     5.092953    11.831571     6.188084     8.182612     5.214327     0.040008     0.003801
  411    1  1234.494743   208.698814     3.666284     5.175301    11.323657     6.462498     8.399328     6.625292     0.037353     0.003800
  412    1  1137.887499   179.807321     3.810019     5.089342    13.127545     6.891108     7.950595     5.503376     0.034782     0.003792
  413    1  1074.341797   200.383106     3.500738     5.134102    14.774978     6.775584     7.083744     7.109770     0.035734     0.003924
  414    1  1037.873035   192.650835     3.538869     5.258007    12.481452     6.053675     7.501676     6.237101     0.041180     0.003936
  415    1  1096.258013   183.198389     3.021201     5.793535    11.537523     6.776338     7.922904     6.067950     0.036375     0.003905
  416    1  1237.284106   170.381282     3.653751     5.230047    12.802181     6.541930     7.878907     5.872825     0.037087     0.003789
  417    1  1082.125505   193.639962     3.364131     5.752970    12.846924     6.618103     7.931573     6.107364     0.037484     0.003949
  418    1  1038.165225   184.491217     4.097580     4.864045    13.612015     6.269407     7.541000     6.609763     0.039412     0.003902
  419    1  1039.411635   218.870540     3.895488     4.808129    12.635146     6.693165     7.890094     6.282950     0.036265     0.003853
  420    1  1009.216521   163.002261     4.032836     4.909978    12.567743     7.130535     7.349507     5.364748     0.034235     0.003803
  421    1  1085.774154   204.661306     4.259597     4.380098    12.115067     6.869579     8.324810     5.717113     0.034946     0.003836
  422    1  1162.006603   162.051283     3.637431     5.089004    13.297613     6.929062     7.442786     6.099592     0.036253     0.003924
  423    1  1166.289151   214.841261     3.883270     5.147658    13.792849     6.683111     8.061099     5.739971     0.035763     0.003803
  424    1  1097.044238   209.880664     3.619524     5.078261    13.737449     6.777350     7.199440     7.127958     0.035768     0.003871
  425    1  1060.346961   187.766551     3.868552     4.948481    12.463741     5.984684     8.748566     5.068787     0.041795     0.003860
  426    1  1035.924327   225.784084     3.833220     4.862567    13.366418     6.869491     8.153014     5.884563     0.034968     0.003812
  427    1  1239.604837   208.990732     3.916023     4.909830    14.267776     6.045696     7.729101     5.921698     0.039472     0.003771
  428    1  1235.354670   169.904792     3.678215     5.347490    13.947391     6.992707     7.776124     7.460795     0.034773     0.003940
  429    1  1150.537609   225.976037     2.887325     5.939876    13.180993     6.796294     8.488958     6.063704     0.036245     0.003929
  430    1  1224.999352   209.655964     3.502822     5.200871    12.847287     6.621030     8.773803     7.013838     0.036850     0.003880
  431    1  1267.713989   208.522329     3.018851     5.715474    12.537807     6.814399     8.210968     5.922726     0.036267     0.003890
  432    1  1213.739022   188.673002     4.091314     5.009969    12.523145     6.637196     8.474855     5.582511     0.036627     0.003810
  433    1   943.143905   204.393774     3.555504     5.138903    12.673930     6.225384     8.632233     6.545362     0.039265     0.003851
  434    1  1238.116547   177.434874     3.962116     4.945981    12.426300     6.735657     7.968220     5.864726     0.035863     0.003770
  435    1   954.657480   201.033520     4.113888     4.689337    12.894308     6.797071     8.762108     7.499610     0.035164     0.003831
  436    1  1204.144722   206.796587     3.649092     5.612917    12.630821     7.106927     8.284448     6.877641     0.033988     0.003875
  437    1   949.742253   222.831573     3.608145     5.277132    15.164566     6.558759     7.956593     6.449569     0.036024     0.003768
  438    1  1082.658978   222.444829     3.780473     5.071133    12.286010     6.451458     8.419911     7.681230     0.037767     0.003888
  439    1  1026.404296   220.782887     3.589189     5.283559    12.610805     6.809401     7.814968     6.412295     0.035819     0.003955
  440    1   892.498195   170.512377     3.580172     5.134476    12.801994     6.880204     8.420035     7.651919     0.033973     0.003806
  441    1  1053.989635   201.579386     3.622990     5.118680    11.577468     6.558267     8.326976     6.501972     0.037487     0.003888
  442    1  1213.473429   164.138452     3.808876     5.217693    12.979932     6.386102     7.915037     5.462681     0.038419     0.003866
  443    1  1218.538418   242.941731     3.775756     5.318820    12.990885     6.928132     7.948942     6.956379     0.035531     0.003867
  444    1  1095.626320   177.113350     3.416096     5.066793    12.957214     6.787986     7.906969     4.352208     0.036305     0.003846
  445    1  1142.467460   216.790905     4.160462     4.535757    11.168203     6.640474     7.745367     5.012414     0.036819     0.003821
  446    1  1190.921112   202.418600     3.452400     5.317915    13.086986     7.193099     7.779428     5.067052     0.033793     0.003812
  447    1  1090.847738   183.127507     4.016599     4.632683    13.760271     6.263331     8.126101     5.712764     0.039395     0.003904
  448    1   954.299701   216.442831     2.992913     5.747339    13.002595     6.357229     8.037318     6.052361     0.036853     0.003717
  449    1  1043.083255   212.465334     3.795431     5.235091    14.076816     6.675035     7.658657     5.476172     0.037036     0.003937
  450    1  1238.503097   205.319414     3.417789     5.482282    13.659888     7.051346     7.652737     7.545112     0.033171     0.003791
  451    1  1122.274056   157.666882     3.913791     4.966972    11.900545     6.731389     7.521447     5.331115     0.037345     0.004002
  452    1  1138.946548   189.515045     3.635905     5.752711    13.096254     6.801700     7.416402     5.132771     0.036472     0.003887
  453    1  1127.442359   186.322862     3.620536     5.018456    12.811082     7.138920     7.584195     5.223511     0.033631     0.003803
  454    1  1012.871455   175.954290     3.627709     5.340926    11.926882     6.726656     7.867203     5.990631     0.035908     0.003882
  455    1  1108.851302   189.584181     3.058416     5.767526    12.518273     6.714950     7.958677     6.462812     0.034946     0.003735
  456    1  1345.323732   208.149446     3.691418     5.464994    13.943445     6.690491     7.989882     6.259172     0.036392     0.003825
  457    1  1147.041128   193.309324     3.709461     5.056666    12.069526     6.526175     8.100227     6.986184     0.037199     0.003858
  458    1  1154.343083   197.602202     3.554073     5.224106    12.151646     6.284633     8.709294     5.066966     0.038930     0.003869
  459    1  1234.362114   193.902275     3.825631     5.630994    13.577286     6.850311     7.209314     5.369764     0.036411     0.003927
  460    1  1218.505812   214.350514     3.657164     5.087161    14.049268     6.902517     7.954192     6.101421     0.035410     0.003890
  461    1  1096.447115   215.838117     4.452619     4.407438    12.356270     6.555787     6.929319     7.486396     0.037173     0.003859
  462    1  1271.725741   187.453282     3.535491     5.425352    12.169715     6.883861     7.762034     6.422178     0.035221     0.003879
  463    1  1234.216659   201.082364     3.396578     5.289829    14.111874     7.289204     8.313665     6.580845     0.033774     0.003887
  464    1  1112.781562   199.843839     3.795913     4.846527    14.739845     6.930962     7.767170     5.610179     0.034742     0.003833
  465    1  1224.807208   191.618184     3.628958     5.025085    13.995792     6.560943     8.444541     6.648188     0.037954     0.003900
  466    1  1095.541481   192.629548     3.886944     4.983959    13.632201     7.337194     7.363677     5.854335     0.033450     0.003913
  467    1  1048.933669   222.647367     3.860750     5.051997    13.995929     6.891776     7.298293     6.049868     0.035884     0.003820
  468    1  1256.418325   181.702548     4.025865     4.885020    12.945024     7.394032     7.496784     6.492598     0.033518     0.003839
  469    1  1097.928955   209.443667     3.529483     5.422441    12.625135     7.077660     7.558439     6.265202     0.036031     0.003983
  470    1  1163.135857   196.753114     3.627419     5.219758    13.193503     6.513887     7.594830     7.111843     0.036653     0.003765
  471    1  1163.291985   180.698955     3.908203     4.900596    10.912207     6.754560     7.606256     5.142790     0.037571     0.003944
  472    1  1040.485993   189.540594     3.593259     5.413671    11.553597     6.411246     7.895984     4.977964     0.038612     0.003964
  473    1  1001.016010   187.654395     3.842399     5.183422    14.597942     6.599552     7.289882     5.785228     0.036562     0.003815
  474    1  1202.038382   194.231106     3.625807     5.829376    12.835920     6.499319     8.090396     5.246875     0.038949     0.003887
  475    1  1228.053735   170.949826     3.808365     4.875525    14.806518     7.147398     7.728331     5.833545     0.033733     0.003936
  476    1  1116.889129   206.254538     3.841590     4.991877    12.534186     6.761749     8.145524     5.847379     0.035044     0.003803
  477    1  1247.258829   185.264200     3.712330     5.401389    11.129766     6.698344     7.974535     6.287200     0.036113     0.003871
  478    1  1263.483594   181.289991     3.764413     5.220996    13.813439     6.860900     7.472614     6.025688     0.035339     0.003776
  479    1  1294.634252   191.354832     3.890447     4.918412    13.392511     6.496435     8.646116     7.424415     0.037213     0.003880
  480    1  1123.138922   237.971547     3.678150     4.919121    12.842789     7.894339     8.052560     5.029208     0.029509     0.003712
  481    1  1164.584782   227.682169     3.686976     5.293641    14.465900     6.864184     7.229339     7.101526     0.035070     0.003871
  482    1  1126.050148   173.591509     3.644915     5.109621    13.498294     6.913821     7.206367     6.946964     0.034779     0.003833
  483    1  1039.515248   196.241603     3.645596     5.074885    13.771896     6.892602     7.724983     7.162399     0.034712     0.003845
  484    1  1023.494698   193.293357     3.382858     4.978074    12.304780     6.970192     7.486735     5.907689     0.033938     0.003789
  485    1  1112.269458   207.366354     3.920737     4.759679    12.446797     7.262345     8.889745     6.133274     0.033819     0.003844
  486    1  1172.036858   215.187967     4.080398     4.887113    11.013523     6.962010     8.326684     5.602350     0.035318     0.003866
  487    1  1259.983093   167.279750     3.537141     5.445179    13.501383     6.797700     6.923883     6.031468     0.036385     0.003941
  488    1  1111.678055   169.921249     4.080478     4.676188    11.707588     6.423352     8.334241     5.053496     0.037754     0.003840
  489    1  1176.349054   190.437937     3.698827     5.282164    13.969193     6.974464     7.999091     5.326222     0.036237     0.003876
  490    1  1070.456131   155.478706     3.764846     5.126953    12.420840     6.372520     7.986772     5.597033     0.038413     0.003908
  491    1  1179.768913   193.204586     3.465710     5.356853    12.870834     6.661469     7.029674     7.148641     0.034997     0.003880
  492    1  1182.154749   194.433244     3.739931     5.112305    12.063539     7.154622     8.472166     7.286559     0.032640     0.003805
  493    1  1126.397596   209.816199     3.351079     5.295672    12.500497     6.604847     8.137394     6.378485     0.037862     0.003936
  494    1  1090.653566   206.024750     3.961680     4.751610    13.513372     7.294388     7.488358     5.393713     0.032553     0.003772
  495    1  1099.470466   211.199217     4.089256     4.736633    14.001206     6.777916     8.026086     5.234185     0.037615     0.003986
  496    1  1036.246780   188.016206     3.763104     4.895943    12.532035     7.057820     7.903685     6.914343     0.034867     0.003851
  497    1  1128.601140   202.389092     3.669172     5.180334    12.298569     6.860520     8.044234     5.727828     0.034772     0.003830
  498    1  1157.233356   195.715960     3.665926     5.119206    13.818161     6.671034     7.971745     6.303187     0.036060     0.003841
  499    1  1064.732023   192.492362     3.620502     5.095079    15.354401     6.807389     7.087014     4.277822     0.035373     0.003762
  500    1  1277.538159   203.142811     3.989569     5.067782    12.612252     6.563464     7.514453     6.387248     0.036740     0.003869
