 TITLE = "Parameters_0010"
 VARIABLES = "iens" "pri"  "    E0" "    I0" "  Tinf" "  Tinc" " Trecm" " Trecs" " Thosp" " Tdead" "   sev" "   CFR"
 ZONE T="Parameters_0"  F=POINT, I=  500, J=1, K=1
    1    0   898.131275   194.869701     3.710733     5.642168    15.005834     4.645973     6.858383     6.358456     0.000010     0.002697
    2    0   984.622771   213.215272     3.463756     5.700738    14.480736     4.936485     6.381407     8.186415     0.051130     0.002806
    3    0  1080.668070   202.313717     4.203540     6.099014    14.973085     4.663995     6.588133     9.423320     0.065644     0.002861
    4    0  1154.518433   233.648200     3.481896     5.439866    13.946356     5.262004     6.066269     9.159601     0.027654     0.002759
    5    0  1079.046826   201.030288     3.525637     5.259163    12.848700     5.878908     5.997053    10.139081     0.012999     0.003046
    6    0   958.997163   218.269641     3.247460     4.727424    15.678502     5.328142     7.071520     7.325078     0.019252     0.002576
    7    0  1013.928696   242.846121     3.360532     5.504590    14.791637     4.591204     6.259979     9.873723     0.039317     0.003099
    8    0   930.809197   209.390465     3.345351     5.264539    12.337089     4.524856     6.249498    10.192099     0.034166     0.002802
    9    0   825.644666   244.553586     2.988515     4.901279    15.275804     4.806553     5.729871     8.203053     0.005210     0.002821
   10    0  1118.146094   197.570056     3.054047     5.832781    14.421892     5.119723     5.530168     8.184614     0.011589     0.002949
   11    0   909.932012   207.134324     3.374076     5.262095    16.136506     5.256221     5.403136     8.245962     0.019147     0.002876
   12    0   993.071359   206.345184     3.952652     5.921546    14.435008     4.646801     6.281857     8.651291     0.054862     0.002977
   13    0   916.255844   172.102179     3.257684     5.275962    12.574090     3.843078     5.935989     9.403094     0.010613     0.002720
   14    0  1081.608612   193.837743     3.474941     5.293662    14.528265     5.189960     5.323427     9.474502     0.034320     0.003251
   15    0  1029.661887   186.810900     3.683000     5.133900    14.315235     5.348622     6.314001     9.385078     0.067151     0.002878
   16    0  1114.719706   168.592790     4.109832     4.787725    13.734310     4.686945     6.763863     9.164184     0.090455     0.003305
   17    0   734.373675   230.594411     3.713489     4.698392    11.289078     5.052149     6.870131     7.690624     0.081047     0.003382
   18    0   959.730493   208.983749     4.879699     5.617524    13.108120     4.310990     5.571858     9.395232     0.000669     0.002725
   19    0  1034.224765   233.210152     4.547764     5.163076    14.504567     5.245176     5.757814    10.268027     0.045371     0.003116
   20    0   914.323637   173.596941     3.758355     5.777185    13.461038     5.963683     6.372408     7.245226     0.035420     0.003094
   21    0   996.882629   251.585609     3.601112     4.711217    14.262220     4.851435     6.241390     6.582217     0.000010     0.003365
   22    0  1034.523624   240.679125     4.196609     5.893009    11.388877     5.428510     6.505522    10.360763     0.036030     0.002790
   23    0   954.310366   207.306633     3.161615     5.258159    14.311883     4.224933     5.954921     8.533700     0.004879     0.002961
   24    0   835.409414   186.212004     3.515013     4.490074    14.645715     3.959418     6.211379     9.757576     0.091538     0.003069
   25    0  1092.874956   224.404170     4.934007     5.817364    13.080598     4.720652     6.592113     8.523330     0.012956     0.003422
   26    0   882.596592   171.173467     4.042223     5.660750    13.798282     3.602990     5.779955     9.644154     0.028018     0.003214
   27    0  1044.015062   233.565311     3.422623     6.230713    12.061534     5.245691     6.000940     8.050505     0.000010     0.002807
   28    0   993.200119   177.502968     4.614955     5.821302    14.107376     4.717747     6.149010     7.677599     0.018604     0.003061
   29    0   895.312185   183.663492     3.865141     5.155523    14.593388     5.714216     5.312703    10.110160     0.022632     0.002975
   30    0   891.488478   194.687855     3.660667     5.235189    15.085953     4.774760     5.907218     5.573650     0.079597     0.002789
   31    0  1016.319381   206.454435     3.760500     6.155844    15.408144     5.428240     6.581674     8.333602     0.000010     0.003027
   32    0  1031.284094   224.251588     4.125797     5.513204    14.798998     5.305212     5.983878     8.517166     0.051741     0.002981
   33    0  1175.956810   209.003162     3.555896     4.460920    13.403286     4.373237     7.303331     9.246370     0.009965     0.002914
   34    0   957.695880   200.582727     4.051101     6.825851    14.720971     4.703177     5.540244     8.734776     0.027394     0.003059
   35    0   905.135960   204.080112     2.942297     5.697097    13.748520     4.711150     5.801806     9.353973     0.041996     0.003018
   36    0   973.416704   198.214916     4.918505     5.949823    14.269120     5.160739     5.905418     9.322697     0.003532     0.003165
   37    0  1105.378246   200.678972     4.340808     5.928321    14.297759     4.523284     5.644855     8.039178     0.033256     0.003101
   38    0  1169.058383   211.736777     4.216400     5.383324    15.415653     4.563348     5.881275     7.574735     0.016778     0.002845
   39    0   854.212645   240.298402     3.529063     5.547254    12.865501     5.009457     5.729663     9.274464     0.000010     0.003126
   40    0  1001.586129   176.684468     4.384998     4.437047    13.155369     5.336012     5.871230     8.583670     0.044904     0.003115
   41    0   951.521706   183.807064     3.842090     5.394516    13.298168     4.462793     6.817072     9.261676     0.090858     0.002884
   42    0  1247.036397   192.582988     3.732733     6.358554    13.956685     4.813983     5.341509     9.117057     0.057306     0.003111
   43    0  1101.666337   183.226064     3.213883     5.545352    14.565599     5.199259     5.991482     8.111484     0.005671     0.003220
   44    0  1064.399821   181.348356     4.226496     5.736156    14.335986     5.454665     4.935745     8.910126     0.027555     0.002752
   45    0   984.608679   192.964939     3.700592     5.899052    13.056487     5.026291     5.632378     8.707951     0.000010     0.002655
   46    0  1003.458275   184.878444     4.134156     5.668120    13.572273     4.977878     5.210390     9.873066     0.007958     0.002673
   47    0   902.781681   207.403300     4.084694     5.542000    13.807013     5.362822     4.950871     8.486290     0.001296     0.002811
   48    0  1237.362124   187.912629     4.664720     5.991378    14.237701     5.401571     5.683915     8.596076     0.039388     0.002864
   49    0   897.223075   200.823325     3.611980     5.693824    13.563977     5.589375     6.897977     9.999619     0.000010     0.002901
   50    0   922.159000   221.778652     2.867496     5.145922    14.812967     4.380022     6.339512     8.824604     0.057563     0.003160
   51    0  1190.548879   204.265831     3.467483     5.988841    13.159977     3.989848     6.756691    10.217522     0.012561     0.002889
   52    0  1068.760736   206.324753     3.356864     5.627224    14.070558     5.838860     5.900225     9.016456     0.009403     0.003102
   53    0  1182.432843   193.958399     4.221534     4.645390    14.364054     5.176207     6.596752     9.387656     0.002208     0.002902
   54    0  1082.674224   220.829706     4.036684     5.080773    13.977622     3.915245     5.979108     7.934624     0.030583     0.002767
   55    0  1039.082148   206.552526     3.975231     5.434796    14.351014     4.466969     5.540100     8.384462     0.036354     0.003219
   56    0  1193.081792   229.852429     3.907265     5.007330    13.374321     4.814158     5.651060     8.724143     0.034459     0.003076
   57    0   679.155285   230.645832     3.846455     5.733560    14.690652     5.402150     5.987724     9.660123     0.012561     0.003163
   58    0  1013.842172   191.644752     4.076242     4.441520    14.877920     4.181453     5.414668     9.910365     0.032229     0.002973
   59    0  1008.910919   226.586217     2.743688     5.738394    13.825390     4.231425     6.920549    11.945800     0.021742     0.002923
   60    0  1111.777348   188.896689     4.711914     4.512245    12.841343     5.138103     5.889469     9.612340     0.044095     0.003019
   61    0  1047.425196   210.854043     3.902479     5.744171    14.298502     4.768024     6.481122     8.684792     0.043639     0.002998
   62    0   975.648912   183.639468     3.825306     5.867600    14.304570     4.406639     6.152377     7.853168     0.032553     0.002913
   63    0   801.798426   199.559109     4.050224     6.705371    13.133398     5.138599     5.042358    10.026079     0.074458     0.003103
   64    0   987.940876   209.020994     4.412409     5.058961    13.149941     4.983276     6.894439     8.756708     0.041720     0.002964
   65    0   882.669549   235.560087     3.706026     5.677640    12.565668     5.179899     5.832029     9.073395     0.048941     0.003042
   66    0  1076.507889   183.861847     4.130845     5.465700    14.516516     5.525465     6.163924    10.283854     0.032213     0.003180
   67    0   874.421304   192.680989     3.714689     5.572674    13.992013     4.837520     5.919442     8.689296     0.092560     0.003107
   68    0  1047.144321   153.883541     3.818252     5.589712    12.318253     4.496291     5.627238     8.288676     0.046939     0.003202
   69    0  1053.623869   214.683657     4.070508     5.718677    15.461588     5.246497     6.977028     9.278786     0.026737     0.003144
   70    0   919.946124   223.563810     4.379864     5.447985    13.967967     4.478930     6.511501     8.558456     0.024369     0.002971
   71    0   954.085936   195.903882     4.141442     5.088719    16.198673     5.538040     5.454342     9.474475     0.058238     0.002859
   72    0   983.888162   223.102508     3.457335     4.665236    13.847683     5.161645     5.839407     8.504430     0.019314     0.003043
   73    0  1042.313454   199.200348     3.907517     5.914160    16.181262     4.773818     6.226128     8.081683     0.085694     0.003043
   74    0   986.570365   209.359887     4.041265     5.298488    13.486047     5.682430     6.557515     9.423175     0.000010     0.002902
   75    0  1098.930694   205.381930     3.658408     4.678741    13.766921     5.635838     5.268323    10.709867     0.090836     0.003087
   76    0   881.747377   187.051320     3.826203     5.179682    14.349926     4.546767     5.364005     8.988255     0.000010     0.003199
   77    0   955.075357   226.162160     3.830557     5.021291    14.382746     4.666447     5.969359     9.068480     0.064927     0.003316
   78    0   795.074702   235.022688     3.152187     5.558098    12.910938     5.571919     6.849699     8.764620     0.031236     0.003102
   79    0   972.017820   199.569596     3.715433     5.319794    13.529235     6.115840     5.536403     8.304990     0.012295     0.002877
   80    0  1124.404997   189.214309     3.898412     5.655388    13.822692     5.218247     5.761080     9.126223     0.015822     0.002733
   81    0   980.037307   182.305223     3.213255     5.623132    14.362207     5.340017     5.839154     9.568237     0.000010     0.003313
   82    0  1176.923566   200.830983     4.181505     5.547054    13.099402     5.158551     6.462257     8.760942     0.023404     0.002957
   83    0   904.402992   241.368622     4.340263     6.111001    15.665162     5.562310     6.113200     7.414405     0.015707     0.002897
   84    0  1027.611679   205.087972     4.068791     4.787741    12.957644     4.067063     6.064335     8.136123     0.042939     0.003141
   85    0   853.004484   214.170672     3.992384     5.446679    13.346917     4.011372     6.970654     5.555506     0.047788     0.003280
   86    0  1077.877906   195.923855     3.066229     5.465978    14.167738     4.879403     6.171218     7.785084     0.049568     0.002880
   87    0   860.686652   220.385153     4.906385     5.710218    13.465275     4.975339     6.161542     9.806429     0.006438     0.002898
   88    0  1089.725330   187.400865     3.230319     4.811203    14.319355     5.400842     6.856924     8.029375     0.021016     0.002980
   89    0  1012.999019   219.240923     3.624703     4.609450    13.305939     5.702415     5.760885     9.060308     0.055324     0.003190
   90    0   899.893530   223.158329     4.911251     5.509905    12.452849     5.068062     5.410551     9.129520     0.000010     0.003391
   91    0   962.766051   186.519750     4.517463     5.814135    12.855852     5.120814     6.194289     9.008296     0.026457     0.003126
   92    0  1131.508690   197.829232     3.341537     4.910096    14.603495     3.951730     5.309528    10.314731     0.064374     0.002954
   93    0  1090.933983   221.918347     4.232307     4.714078    14.117145     4.862302     5.686811     9.826966     0.061399     0.003231
   94    0  1177.767270   184.899753     4.193553     6.343760    13.423207     4.954204     5.878089    10.565149     0.055474     0.003395
   95    0  1032.163328   239.162768     2.726191     5.683306    13.894222     4.431950     6.355138    10.953192     0.062515     0.002928
   96    0  1102.565749   159.124501     4.235316     5.740792    14.381604     5.437032     5.397518     8.562378     0.021902     0.002796
   97    0  1060.789683   178.311050     3.996419     5.135994    14.096470     5.553033     5.691708     5.755636     0.027358     0.003036
   98    0  1116.382832   201.690494     4.115531     6.051783    14.356817     4.909046     5.715181     9.040875     0.094883     0.003283
   99    0  1028.794861   180.369000     4.407122     5.841195    13.898025     4.973737     6.255534     8.243854     0.067960     0.003496
  100    0  1139.230521   199.848540     3.252154     5.473660    14.203572     4.443252     5.852837     7.736357     0.002868     0.002766
  101    0   899.021839   215.341203     4.006006     5.468626    14.862354     5.030962     5.282828     8.437934     0.028588     0.002891
  102    0  1200.944179   174.179867     3.531389     6.463408    15.471622     5.835283     5.968023     7.645581     0.050021     0.003134
  103    0   959.767286   214.288350     3.217090     5.446097    14.738849     4.173909     5.887402     8.805106     0.081556     0.003042
  104    0   866.347228   219.004055     3.302969     4.418595    13.715419     5.604924     5.672278     9.120012     0.028398     0.003286
  105    0   892.624863   203.964262     3.466028     5.106575    13.545339     4.877962     6.057604     9.748778     0.047750     0.003111
  106    0  1075.381330   207.848276     3.269270     4.961855    13.433920     3.785166     5.932691     9.608781     0.000010     0.002826
  107    0  1034.243350   193.859896     3.130130     6.319853    14.993505     4.278836     5.868865     7.703913     0.044475     0.003123
  108    0   822.408307   196.139948     3.338499     6.000593    16.201207     4.680428     5.608303     9.073574     0.072562     0.003095
  109    0   991.979468   204.066003     4.031137     5.658418    14.923076     5.156481     6.051831     9.407566     0.000010     0.002976
  110    0  1274.567180   200.165827     4.321572     6.068124    12.915071     4.571290     5.905810     7.207115     0.035319     0.003066
  111    0   905.183548   182.948450     4.420250     4.937793    14.535754     5.582994     5.532500    10.550154     0.070249     0.003102
  112    0   930.462007   218.870426     2.278131     6.810986    14.786640     6.096757     5.691663     8.982849     0.009274     0.002796
  113    0   873.479926   212.820563     3.109150     5.337121    14.019568     4.654685     6.536410     8.017564     0.054117     0.002659
  114    0  1121.885714   201.737801     3.260423     4.582915    14.850955     4.683579     6.046397     9.808273     0.051802     0.002909
  115    0  1079.779398   216.275263     3.358254     5.395867    13.716953     4.433473     6.063359     9.585561     0.041373     0.002798
  116    0   874.200331   209.723422     4.318788     4.853872    14.440862     5.665490     6.181652     9.042197     0.045466     0.002900
  117    0   960.619903   162.564817     3.662663     5.581713    12.412744     4.366825     5.125769     9.384639     0.035660     0.002889
  118    0  1107.328956   195.300640     2.731245     4.575015    14.091610     4.324238     7.079489     8.264172     0.057378     0.002921
  119    0   998.409714   163.660409     3.974869     5.865240    14.330851     5.360986     5.967105    11.189151     0.037558     0.003327
  120    0   821.597101   202.354795     4.094934     5.479503    15.035177     5.042060     6.206331     9.743208     0.061763     0.002898
  121    0   979.893648   181.564305     4.904183     5.662889    14.330518     4.000582     5.548922     9.247108     0.047066     0.002865
  122    0   972.594860   182.631425     3.076007     5.646552    13.795600     4.502535     6.268056     8.774245     0.042722     0.002928
  123    0  1086.166368   198.710495     2.945480     5.990741    14.004017     5.190436     5.199009     8.875899     0.003865     0.003414
  124    0   994.799716   223.996406     4.026641     6.173651    14.727335     5.369502     5.948191     8.807114     0.049283     0.003142
  125    0   758.851722   183.277650     4.018589     5.685070    13.790536     5.803177     6.419466     8.316686     0.019560     0.002896
  126    0  1094.078584   189.849279     3.058667     5.254108    14.426337     5.720319     6.413797     8.471074     0.047560     0.002985
  127    0  1038.656525   213.054807     3.536473     4.730426    13.878248     4.695981     6.064746    10.285659     0.031972     0.003514
  128    0  1156.417370   232.343551     3.685622     5.255591    15.093654     5.005968     6.636073     8.463142     0.070023     0.002941
  129    0   983.641256   221.530500     3.400357     5.580983    13.889158     4.100152     5.616162    10.336056     0.068734     0.003100
  130    0   881.244344   170.215002     3.942030     5.083749    14.374566     5.059084     6.895588     9.408017     0.055241     0.002794
  131    0   979.012097   181.145022     4.093148     5.109212    14.054497     3.970415     6.126614    10.590211     0.000010     0.003122
  132    0  1065.202770   187.181402     3.771619     5.879317    14.391235     5.525533     6.111386     9.671951     0.049257     0.003090
  133    0   969.422817   179.836677     4.206482     4.946146    15.566922     4.538046     6.203999    10.582265     0.014658     0.003152
  134    0  1046.109203   220.311083     4.463489     5.514405    14.355134     4.516890     5.748822     7.575704     0.028818     0.003047
  135    0   895.401460   169.076612     4.294840     6.105453    14.319504     5.059908     5.937355     9.054024     0.059003     0.003256
  136    0  1032.672361   229.462476     4.456562     6.893185    14.214022     4.494978     6.656373     7.537140     0.001453     0.002878
  137    0   847.703872   214.357293     4.195821     4.852228    13.768733     3.857703     6.668816     9.363674     0.033192     0.003101
  138    0   919.546704   236.463679     3.824248     4.981734    14.125666     4.128632     5.561080     7.181870     0.075719     0.003019
  139    0   934.362053   191.159276     3.487943     4.354945    14.329123     5.143536     6.489370     8.425109     0.011217     0.002538
  140    0   973.181833   200.678678     2.774149     5.900826    12.445222     4.226446     5.768743    10.890968     0.054404     0.002740
  141    0   897.190701   197.813794     4.047808     6.386466    13.327255     4.560052     5.979102     9.636645     0.045552     0.003063
  142    0  1189.322580   223.562692     3.556650     5.053107    13.804933     5.746105     5.099114     8.888710     0.035155     0.003163
  143    0   882.250877   184.328951     4.032251     6.157327    14.441055     5.154055     6.196481     8.415008     0.069395     0.003107
  144    0  1003.860134   216.633577     3.827822     5.384931    14.760357     5.567479     6.508318    10.339908     0.032777     0.002701
  145    0  1191.965963   216.326015     3.355177     5.062807    15.613119     5.028534     5.804205     7.925688     0.079640     0.002866
  146    0  1069.997895   201.780124     4.171563     5.877994    13.494646     4.749309     6.439876    10.790024     0.042411     0.002975
  147    0   888.156552   200.852440     3.668172     5.406335    14.384990     4.978478     5.742046     8.556097     0.045749     0.003187
  148    0  1054.468769   219.865601     3.483567     5.404693    15.070683     4.368134     6.159799     8.911832     0.039880     0.003259
  149    0  1162.359875   207.435806     3.750523     5.773239    11.936629     4.994627     6.144025     8.510473     0.039297     0.002822
  150    0   894.804104   219.043217     4.193699     5.334876    14.412988     4.856927     6.323623    10.145167     0.060791     0.002857
  151    0  1003.488311   211.145896     3.436900     5.277660    16.611777     4.674960     5.281198     8.492596     0.060196     0.002690
  152    0   887.355749   156.323487     4.648669     5.707774    13.779303     4.881014     5.664487    10.295726     0.061827     0.002745
  153    0  1043.225411   180.453417     4.003000     6.181714    12.466308     4.862409     6.511663     8.677445     0.044765     0.003197
  154    0  1057.167519   215.762395     3.509789     5.937425    13.594141     6.435209     6.567249     7.790541     0.085173     0.002900
  155    0   990.463478   190.481678     3.772258     5.871346    13.998337     5.278506     4.876417     8.487014     0.026818     0.002997
  156    0  1020.326687   220.471983     3.795990     6.207113    12.469043     5.399933     5.953373     8.636981     0.059920     0.002808
  157    0  1019.910298   184.851491     3.377328     5.773601    15.124652     5.148641     5.980724     7.353923     0.000010     0.002917
  158    0   948.735150   215.221540     3.927761     5.671271    13.438435     5.399045     6.167183     8.774333     0.042145     0.003053
  159    0   903.005416   188.163828     4.587840     5.321923    12.164667     5.199774     5.736013     6.790827     0.045894     0.003464
  160    0   961.922227   184.483961     2.995016     4.824005    14.682209     4.791455     5.958637     8.119936     0.032325     0.003342
  161    0  1120.862075   187.626096     3.361555     5.371165    13.987879     4.291497     6.295826     8.636176     0.027684     0.002882
  162    0  1059.712805   182.148192     3.369218     6.238315    13.305109     5.507326     5.696741     8.530782     0.099929     0.002696
  163    0  1082.326753   251.428740     3.778989     5.321601    13.763151     4.860690     6.162950     8.121874     0.000010     0.002841
  164    0   951.711909   200.681972     4.009242     5.950895    13.834634     5.199917     5.975732     8.775658     0.056717     0.002759
  165    0   790.446467   189.345030     3.753643     5.151906    15.056126     5.120397     6.292046    10.018598     0.065979     0.003109
  166    0   934.018965   181.351842     3.523693     5.871113    12.749852     4.596685     5.370152     8.504092     0.051810     0.003318
  167    0   986.056126   179.527456     4.392867     5.234653    12.590068     4.461806     6.490246     8.713595     0.029294     0.002904
  168    0   942.100152   208.615950     3.095481     5.637818    13.146199     5.492568     6.176115     8.866772     0.036680     0.003194
  169    0   991.135193   228.211358     3.447349     5.199825    12.903124     5.310826     6.091898     7.728146     0.015842     0.002962
  170    0  1010.009030   216.162598     4.382789     4.975459    13.595418     5.263731     5.503335    10.943611     0.009982     0.002808
  171    0   999.286420   175.656249     4.357601     6.568075    13.662334     4.507625     5.807367     7.745862     0.116013     0.003409
  172    0  1101.836403   181.061996     3.279354     6.122214    15.186324     5.328997     7.001710     8.969037     0.000010     0.003073
  173    0   852.258339   200.318942     4.091093     5.355132    13.890076     4.982265     6.577178     7.967024     0.094686     0.003024
  174    0  1052.844428   175.347501     3.382778     5.658997    13.864494     5.375822     6.155080     7.083059     0.021524     0.002971
  175    0  1062.554586   191.816496     4.245847     5.823429    14.035711     5.645649     5.560968     9.924250     0.030638     0.002735
  176    0   947.584145   181.215226     3.088945     5.293692    13.514676     5.046272     5.993350     8.684935     0.001600     0.002952
  177    0   799.206329   199.001847     4.543234     5.093076    13.166428     5.158885     6.004778     7.425396     0.040481     0.003377
  178    0   866.100847   179.287000     3.104043     4.643368    13.718332     4.208503     6.542764     9.790769     0.056187     0.003682
  179    0   827.611236   196.262141     3.782401     4.894222    16.661130     3.846927     5.172417     7.761968     0.010778     0.002534
  180    0  1129.223698   186.719281     4.420565     5.564420    13.550192     6.368294     6.115073     8.597873     0.108059     0.002669
  181    0   903.151337   200.288408     3.595272     5.484848    13.185289     4.835277     6.201675     7.007038     0.028325     0.003086
  182    0   932.075425   223.805464     4.000288     6.067459    13.520326     4.286240     6.698671    10.080834     0.077434     0.002894
  183    0  1216.756246   170.788646     3.545043     5.054449    14.814127     4.097339     6.152143     8.183879     0.000092     0.002996
  184    0   914.834539   208.561882     4.024548     5.974705    15.009224     5.293538     5.371838     8.635718     0.051634     0.002769
  185    0  1095.658113   226.775963     4.396997     5.875729    13.091271     4.475516     6.174370     7.704516     0.048736     0.002803
  186    0  1070.088617   175.203213     3.852422     5.318992    14.117034     4.738437     7.791328     9.052161     0.000010     0.002670
  187    0  1029.847149   191.346849     4.289614     4.989484    13.008083     5.052269     6.494616     8.303381     0.057552     0.003186
  188    0   957.225272   135.925333     4.104704     5.726731    13.611666     5.764074     6.255619     6.795894     0.071943     0.003063
  189    0  1077.249398   209.095964     2.657683     5.034612    14.967563     5.212153     5.992532     8.238443     0.057220     0.003059
  190    0  1000.619945   196.283583     3.663938     6.177072    13.063183     5.223126     5.566406     9.395810     0.013598     0.003298
  191    0   871.035971   216.538774     3.748240     6.012929    14.282187     5.090310     5.419780     9.462838     0.041157     0.002796
  192    0   949.733052   195.730771     4.339962     5.334313    15.041702     3.987657     6.581514    10.602385     0.037389     0.003038
  193    0   997.605953   151.699576     3.345965     5.646231    14.250535     4.642937     6.060526     9.024540     0.015533     0.002682
  194    0  1122.129676   199.370800     3.547563     5.020226    14.399546     5.338420     6.178475     9.204274     0.104101     0.002879
  195    0   960.177533   203.281648     3.869590     6.048381    17.410209     5.409355     5.717892     7.431242     0.066209     0.003375
  196    0   830.372531   173.692076     3.181434     5.765897    13.355684     5.042367     5.739488     6.601106     0.053919     0.003143
  197    0   944.489506   222.261168     3.044379     6.132805    15.383615     5.184455     6.287561     7.806936     0.047981     0.003153
  198    0   815.387362   207.415430     4.843473     5.539763    13.892152     5.161120     5.494804     9.575481     0.030432     0.003011
  199    0  1108.832547   191.106291     4.049760     5.664995    12.979537     4.210618     6.252732     8.541006     0.105395     0.003118
  200    0  1122.514435   187.165717     3.273400     5.873730    11.931084     4.852126     5.812708     7.609170     0.034865     0.003433
  201    0   822.178497   183.530379     4.881132     4.678931    13.071678     3.557349     5.525021     9.480107     0.077387     0.003175
  202    0  1295.656041   184.464120     4.004899     6.313649    16.099040     4.299874     6.608583    10.806567     0.065152     0.003436
  203    0   934.427625   194.564743     2.931172     5.379120    14.815567     5.271462     6.458064    11.407503     0.115521     0.002847
  204    0   848.647758   195.819565     3.402116     5.887736    14.820636     5.057662     5.811530    10.094658     0.065650     0.003089
  205    0  1111.185347   204.081822     4.240810     4.200693    13.277641     5.645824     6.495800     9.464849     0.078143     0.003254
  206    0   873.076239   204.066422     3.970160     4.920349    15.491506     4.456093     6.408912     7.649498     0.020193     0.003124
  207    0   960.049972   183.526394     4.125248     5.291231    13.862752     4.406326     5.603864     8.775299     0.077097     0.002849
  208    0  1014.807819   145.438163     3.364080     5.551004    14.860072     5.131110     6.705001     8.295810     0.036262     0.003155
  209    0  1060.996194   187.352589     4.452257     4.761644    14.035438     4.684571     6.484765     8.261725     0.042924     0.002958
  210    0   844.624810   169.239966     4.274951     6.092011    13.348539     4.595629     6.313675     9.313084     0.028691     0.002991
  211    0   905.061704   200.638530     3.275700     5.510195    14.852499     5.224240     5.465470     8.865189     0.011198     0.003206
  212    0  1099.066320   201.682793     3.191348     6.271428    12.981592     3.798832     6.213810     8.562852     0.093174     0.002776
  213    0  1129.712614   202.629973     3.620492     5.492072    14.945299     4.866945     5.643200    10.875143     0.037876     0.003163
  214    0   960.594647   180.977718     4.433777     5.678338    14.977102     4.622379     6.383620     8.564086     0.032638     0.003166
  215    0   935.494573   216.765736     3.799538     5.428331    15.018590     5.272041     6.111375     7.749937     0.052110     0.003324
  216    0   959.224191   196.214179     4.548823     5.684191    11.703561     5.219032     6.757394     9.718819     0.050424     0.002991
  217    0  1143.708270   179.080646     3.854239     5.564364    14.502951     5.387105     5.585533     8.497080     0.023725     0.003175
  218    0  1112.043275   216.497035     3.341022     5.989318    13.617048     5.154930     5.414876     8.818161     0.068285     0.003018
  219    0   943.446407   193.320576     4.956617     5.188986    14.542600     5.196993     6.268475     9.831938     0.000010     0.003354
  220    0   980.742055   187.144632     4.004103     5.762435    13.088503     4.903865     5.755323     9.521908     0.033238     0.003049
  221    0   976.468542   231.262421     4.064882     5.756894    15.842728     4.333446     6.122258     7.358148     0.065454     0.002989
  222    0  1002.221859   210.549226     3.848444     6.412434    13.848626     4.559206     5.993522    10.700727     0.022009     0.002811
  223    0   798.511569   223.004117     4.230697     4.962261    14.114125     4.658980     7.084717    10.885288     0.025409     0.002703
  224    0  1036.385355   204.690142     4.179154     5.507322    13.093904     5.578906     6.669109     9.021262     0.016924     0.002955
  225    0   894.277552   212.350060     3.809366     5.846183    14.774956     5.273204     5.615962     9.835674     0.000010     0.002907
  226    0   928.274893   240.348215     4.523140     6.337043    15.264129     4.704904     5.797829     8.833989     0.042612     0.003148
  227    0  1074.704461   222.789933     3.613762     5.489644    12.678461     5.261277     5.485515     7.744102     0.053172     0.003009
  228    0  1186.745464   213.116334     4.378663     5.257546    13.622090     5.173848     5.578198     8.514191     0.059843     0.002867
  229    0  1044.157617   177.171097     4.320021     5.138421    14.034530     5.177427     5.913290     8.432891     0.084918     0.002908
  230    0   942.427425   172.010814     5.156165     5.647492    13.658423     5.618710     5.829464     8.957145     0.000010     0.003008
  231    0  1188.000240   191.347010     3.686137     4.923838    12.690317     4.825633     6.389320     8.237837     0.010525     0.003388
  232    0  1061.229440   179.407881     3.623173     5.119240    13.853417     4.619851     5.427307     9.782846     0.022823     0.002858
  233    0  1076.803455   240.298762     3.564533     5.720615    11.929430     4.979044     5.358649     8.483865     0.045377     0.002945
  234    0  1153.703129   191.977156     3.928879     5.867270    14.291388     5.413704     5.433251     9.306923     0.121995     0.003022
  235    0  1055.852304   204.252552     3.480846     5.423459    13.875623     5.108142     5.349893     9.067645     0.007016     0.003323
  236    0   827.267410   214.330749     4.217454     6.020739    13.110357     5.041242     6.790339    10.597617     0.023372     0.002985
  237    0   965.559630   186.061305     3.882888     6.688427    14.437541     5.417692     5.005685     8.896663     0.058605     0.002679
  238    0  1031.118579   173.612116     3.150913     5.120815    14.096928     5.754429     6.625076    10.154328     0.040589     0.002805
  239    0   926.901460   185.293199     3.500778     5.641928    13.876616     4.828213     6.190898     8.486249     0.020595     0.003190
  240    0   819.845201   193.977583     3.929036     4.800075    15.153992     4.526850     5.281312     6.804793     0.050804     0.003140
  241    0  1085.224618   215.957533     4.480278     5.610565    13.826390     4.931563     5.736658     9.204841     0.059085     0.002889
  242    0   951.413869   151.775054     3.855296     5.685977    13.757317     5.028782     5.638044     7.705941     0.005347     0.003136
  243    0   980.536815   194.049686     3.361891     5.318304    14.957309     5.062857     6.033427    10.840525     0.073186     0.003090
  244    0  1063.926665   231.553044     3.616110     6.069149    11.933648     4.022157     5.009627     8.450718     0.059252     0.002884
  245    0  1176.547262   143.047026     3.760840     5.568954    14.211733     4.046219     5.972032     8.623248     0.000010     0.002480
  246    0   808.887941   220.308574     3.631471     5.234140    15.189866     4.761932     6.078051     8.353087     0.061731     0.003212
  247    0   816.781337   168.142690     5.434790     5.347865    12.832912     5.522427     5.937735     9.913909     0.084517     0.003204
  248    0   963.160538   220.602350     4.332722     5.911206    14.615232     4.849211     6.420700    10.296276     0.050948     0.003024
  249    0   987.324973   204.757804     3.571221     5.178473    12.799692     4.873792     6.227329    10.179757     0.007155     0.002848
  250    0  1033.319448   226.039202     4.423881     5.314770    13.941562     4.864573     6.595330     8.278231     0.021303     0.002750
  251    0   901.479811   207.240488     3.655383     4.726337    14.688220     4.903251     6.662792     9.158321     0.002055     0.003117
  252    0  1078.871865   203.955007     4.637450     6.358909    13.100528     5.067594     6.323259     8.213596     0.048853     0.002890
  253    0  1107.909029   230.327041     3.557064     5.473566    14.464699     4.536992     6.120446     8.843438     0.033074     0.003071
  254    0  1010.958594   171.940216     3.863262     5.086246    14.265669     5.467057     5.573552    11.002705     0.060087     0.003153
  255    0  1099.250598   207.389651     4.168758     5.465390    14.361041     4.765081     6.057835     7.133893     0.029879     0.002995
  256    0   865.922832   193.231964     3.638097     5.346729    12.734052     4.519529     6.097606     9.190635     0.042583     0.003194
  257    0  1159.023121   202.191976     3.150109     5.384016    14.520021     5.040132     5.621075    10.301039     0.045408     0.003136
  258    0  1154.061426   217.535545     3.840667     6.335295    13.142638     5.727662     7.559366     7.176562     0.055315     0.002978
  259    0  1093.010962   198.244730     4.736268     5.055295    11.742079     5.670009     6.277551     9.606084     0.000010     0.002812
  260    0  1089.097209   186.409090     3.645526     5.336868    14.903639     4.066997     5.586404     6.693756     0.056693     0.003249
  261    0   930.736134   157.976621     3.345778     6.095476    13.798908     5.542856     6.288183     8.723436     0.033624     0.003124
  262    0   911.591543   207.082029     4.733238     5.542246    13.733667     4.396198     6.649955     9.727715     0.000010     0.003243
  263    0   971.136797   200.088413     4.064563     5.000273    12.547238     4.859610     5.516823     9.722093     0.023868     0.002998
  264    0  1087.827054   188.897691     4.844347     5.765494    13.702444     4.064608     6.547121     6.172558     0.048364     0.002980
  265    0  1057.682841   222.726796     2.665931     5.708599    14.060471     4.765891     5.438813     7.485050     0.046900     0.003043
  266    0   819.269320   159.655292     4.178123     5.671715    14.427844     5.723016     5.950568     9.349271     0.000010     0.003136
  267    0  1114.028160   169.083890     4.066773     5.543656    15.332150     5.757354     6.341008    10.284028     0.055476     0.002962
  268    0  1010.189249   223.792876     4.319458     5.033439    15.240547     4.393858     6.129465    10.748203     0.086111     0.002888
  269    0   925.122696   181.465764     3.895180     4.582841    13.877696     5.701539     6.129206    10.732809     0.044191     0.002880
  270    0  1118.828684   217.011450     4.757109     4.736670    14.712044     4.734531     6.103457     9.613208     0.000010     0.002749
  271    0  1158.044835   184.874242     4.102026     4.711563    14.996911     5.137700     6.614793     8.343951     0.045268     0.003079
  272    0  1159.610515   204.481479     3.315675     5.698422    12.997254     5.488568     6.340198     9.639823     0.008084     0.003126
  273    0  1071.539956   214.621856     4.200976     5.414272    13.972569     5.199837     5.140805     8.156604     0.000010     0.003026
  274    0  1125.991182   172.289961     3.960846     4.585742    12.357491     5.237100     6.537014     9.502915     0.062509     0.003177
  275    0   940.382529   201.290883     3.163806     5.176037    16.499295     4.757274     6.187251     9.403783     0.084713     0.002954
  276    0   813.000601   195.323081     3.312836     5.528881    11.382749     4.580104     6.439141     7.811703     0.053283     0.002768
  277    0   859.596219   232.922708     3.668548     5.526670    15.044189     4.907215     6.237426    10.011675     0.018227     0.002596
  278    0  1048.243955   203.046433     3.737826     5.479123    13.196911     4.864914     6.010220     9.108089     0.024529     0.003285
  279    0   931.050553   207.665142     3.557191     5.872711    13.621612     3.773799     6.698827    10.756843     0.002367     0.002919
  280    0  1197.540625   179.582698     3.078012     5.297122    12.915212     4.626114     6.805292     8.728105     0.014628     0.003138
  281    0  1078.562490   220.079104     4.294954     4.593422    14.488050     4.910195     5.435269     9.557804     0.029222     0.002899
  282    0  1043.491037   212.570018     3.246544     5.921619    15.511104     5.106448     6.261342     6.962830     0.007576     0.002814
  283    0   850.614001   200.955642     3.555947     5.642702    13.837113     6.018160     5.906315     9.542288     0.029118     0.002878
  284    0   791.009271   189.569269     4.123372     5.883462    12.897680     5.568596     6.503739     9.210203     0.051414     0.002830
  285    0   824.285001   174.735644     3.752666     6.292509    14.278165     6.194178     5.420318    11.194050     0.077804     0.002890
  286    0  1045.541944   209.778085     3.145639     5.700829    14.279464     3.984150     6.261169    10.994538     0.014453     0.003114
  287    0  1126.722115   172.256118     3.827859     5.185033    14.346117     4.189168     5.071468     8.383527     0.091892     0.002759
  288    0  1034.738908   227.313269     3.253053     6.202365    13.468310     5.903125     6.639145    10.659179     0.046133     0.003311
  289    0   970.772480   184.001035     3.902990     5.378463    14.034662     4.745997     4.707683     7.424343     0.022970     0.002866
  290    0  1049.943266   197.091644     4.480423     5.303508    14.285862     5.101518     6.246498     8.695024     0.055303     0.002889
  291    0  1043.358261   188.805095     3.360940     6.034848    14.458610     4.806572     6.301133     9.622927     0.068822     0.002695
  292    0   962.139081   225.613285     4.336587     5.815944    15.137885     5.624237     5.801837     8.816741     0.028044     0.003296
  293    0   670.976330   215.812413     4.169617     5.224183    13.832149     5.172084     4.939452     7.860661     0.017787     0.003030
  294    0   812.437034   224.991723     3.789622     5.828975    13.057751     4.918125     5.225563    10.406152     0.046033     0.002573
  295    0  1000.195009   204.887475     3.704376     5.231469    12.715080     4.703840     5.473062     8.489040     0.049415     0.002590
  296    0   949.574260   173.813967     4.385580     4.947054    13.479698     5.186084     5.894902     7.723058     0.032755     0.002637
  297    0   925.997771   191.620972     3.166419     5.547636    14.917759     5.873316     6.096878     9.508966     0.037930     0.002901
  298    0   923.277337   184.693888     4.016289     6.240453    12.956245     4.928130     5.964195     8.797216     0.055455     0.003127
  299    0   850.667454   197.932928     3.874631     5.505012    14.686267     4.654751     5.214245     7.508181     0.051586     0.003232
  300    0  1088.583311   173.974871     4.279748     4.988686    14.189006     5.201670     5.130573     9.092385     0.055037     0.003159
  301    0  1044.983705   235.563591     3.612026     5.492627    12.972946     5.806557     6.340482     9.658145     0.120264     0.002939
  302    0   920.330647   210.299963     4.335414     6.001582    14.159521     4.873992     5.785825     9.185643     0.036099     0.002781
  303    0  1128.562767   190.616757     3.710336     5.319673    12.474978     4.982229     5.034084    10.080546     0.000010     0.003142
  304    0  1015.338227   210.480773     4.559563     6.162681    15.152096     4.901514     6.254177     6.763300     0.026425     0.002704
  305    0   917.740163   192.436589     4.476832     6.409661    14.877937     5.104465     5.574087     8.847537     0.018087     0.003089
  306    0  1137.829236   199.779564     4.207399     5.896587    15.076954     4.579100     5.763732     9.809178     0.033309     0.002797
  307    0   902.078606   158.576144     3.961604     4.630471    14.255976     4.992958     5.990286     8.357344     0.000010     0.003452
  308    0  1148.012866   200.219439     3.650822     5.263084    13.445891     5.618604     6.006129     7.767412     0.061529     0.003282
  309    0   965.416561   209.691249     4.291356     5.417602    13.086919     5.149755     5.868190     9.174566     0.060873     0.002654
  310    0   887.863082   211.262026     3.672596     5.693778    14.716974     4.470797     5.533029    10.360539     0.030602     0.002858
  311    0  1133.691200   201.785965     2.878675     4.872890    13.149526     4.937045     6.038150     9.176681     0.020973     0.002959
  312    0  1115.187541   225.424186     4.225720     6.079404    13.732147     4.460154     5.991320     9.430105     0.037642     0.003188
  313    0   888.205434   201.047623     3.869614     5.496596    13.564258     4.058012     5.702612     8.223744     0.025552     0.003069
  314    0   921.309656   160.806436     3.420905     5.522740    14.548091     4.469975     5.745169    10.088336     0.087366     0.003199
  315    0   907.063856   176.666911     3.800388     4.832913    15.335307     5.634442     6.114381    11.040054     0.023768     0.002669
  316    0   873.858786   173.998559     4.262079     4.890350    15.215959     4.977510     6.636021     9.255955     0.084228     0.003082
  317    0  1008.788286   227.382805     3.503021     6.016698    14.052436     4.603445     6.107762    10.459732     0.000010     0.002757
  318    0  1005.424409   179.264142     3.818508     5.513209    12.210038     4.960660     5.853994     9.628892     0.102128     0.003104
  319    0   865.835566   205.001278     3.568939     4.869223    14.874951     4.753376     6.137871     9.383265     0.018503     0.002681
  320    0  1079.694973   204.075996     4.006724     5.681743    13.175046     5.037511     5.691170     9.418108     0.109973     0.002716
  321    0  1136.668967   200.224877     3.364761     6.240319    13.639515     4.595633     5.938209     7.089935     0.026921     0.003165
  322    0   881.809465   153.467598     4.155683     5.538150    14.253271     5.002389     5.814524    10.238951     0.019982     0.003025
  323    0  1078.307388   200.180371     4.279302     5.200340    13.607568     5.149486     6.149920     7.129050     0.014681     0.002988
  324    0   910.227657   178.170262     3.134889     5.701915    16.161690     5.269263     6.272675     8.654127     0.065699     0.002908
  325    0  1086.002580   206.095177     4.690334     4.756320    15.585619     5.006730     6.052691     9.479873     0.050321     0.003119
  326    0  1067.602181   214.988591     3.800155     5.372145    14.722431     4.963914     5.336812     9.890480     0.075699     0.003202
  327    0  1117.560677   220.556010     3.678901     4.459106    11.970738     5.308404     6.398933    10.170268     0.022479     0.003626
  328    0  1006.550640   214.982205     3.831187     5.883361    14.179994     5.711518     5.678777     6.994661     0.053350     0.003053
  329    0  1085.568737   183.706575     4.175261     5.789235    14.190590     4.767060     6.093723     7.680981     0.000010     0.003203
  330    0  1017.808849   192.014603     3.257398     6.031079    13.704040     4.732405     5.374203    10.424049     0.063845     0.003223
  331    0  1133.807404   181.154508     4.222119     4.715149    13.375287     4.679891     6.271671     8.584166     0.031840     0.003086
  332    0  1060.410442   185.151998     4.770363     6.015764    12.867353     4.965125     5.869610     9.941001     0.063872     0.003002
  333    0  1032.064607   178.221921     4.176089     4.919129    16.887873     6.369969     5.833146     9.888121     0.000573     0.002960
  334    0   876.964477   197.979142     3.546636     6.198277    12.401485     4.867160     5.467908     9.828902     0.054063     0.003173
  335    0  1066.122225   221.448233     4.320967     5.544091    14.897368     5.364785     5.830658     7.750931     0.028215     0.002955
  336    0  1194.847085   185.314887     2.968446     4.920750    14.596859     5.987169     6.347257    10.510831     0.099049     0.002991
  337    0   874.827348   193.920002     4.351129     5.726105    13.683895     4.156547     6.067530     6.641255     0.020387     0.002912
  338    0   980.140672   207.511105     4.082155     4.639688    13.879050     5.260832     6.504030    10.232171     0.030282     0.003250
  339    0  1006.578644   226.197081     3.994705     5.022506    12.729502     5.032928     5.848427     8.957661     0.084823     0.003071
  340    0  1049.064254   185.690267     3.588168     5.189164    14.998604     4.482672     5.648816     8.456206     0.000010     0.002967
  341    0   948.421883   209.227917     2.831839     4.833909    13.185591     4.904951     6.085729     9.264051     0.071170     0.002991
  342    0  1062.830437   174.975999     4.286955     5.610622    14.323074     5.104548     6.546070     8.491243     0.012822     0.003080
  343    0   945.712740   217.465665     3.409204     5.624990    15.290345     4.220176     6.490952     8.327511     0.029559     0.003032
  344    0  1179.981121   194.853206     3.579708     6.023021    15.322433     5.411560     5.165604     9.411041     0.053048     0.003064
  345    0  1095.296220   212.288171     3.471125     5.080407    12.893533     4.505592     5.822652    10.385887     0.000010     0.003101
  346    0  1072.103708   226.794713     3.589788     5.467172    14.162666     5.069384     6.071993     8.495905     0.030861     0.003143
  347    0   948.846335   208.263601     3.998751     5.306412    16.875582     4.734522     6.432418     7.921318     0.049796     0.003015
  348    0  1038.037996   191.907071     5.499716     5.337618    15.177800     4.567305     5.492772     9.531335     0.059395     0.003258
  349    0   932.206503   206.428628     3.173688     4.944122    12.836371     4.725986     6.040363     9.583035     0.066732     0.003071
  350    0   994.174018   175.078313     4.385192     5.172126    14.452319     4.687162     5.802355     8.571562     0.000010     0.002966
  351    0  1176.798404   161.739260     4.329305     5.097138    16.149809     4.642665     5.109211     9.193884     0.046384     0.003104
  352    0  1122.398614   203.502832     4.000716     5.660174    13.563622     5.888849     6.946664     8.695013     0.065728     0.002631
  353    0   984.106566   229.219388     4.074711     5.147240    13.925205     5.066373     7.132131     7.475687     0.037526     0.002819
  354    0  1070.972004   160.791391     3.508938     6.341451    15.028423     5.054270     5.927969     9.539284     0.016249     0.003173
  355    0   982.133850   208.369913     3.726236     4.834647    13.251744     4.959199     6.149501     9.161216     0.066620     0.003336
  356    0  1037.079784   178.587320     3.922886     5.260734    13.467937     5.310324     5.993575     7.877956     0.040440     0.002892
  357    0  1122.347738   163.583791     3.541101     5.613283    12.856007     4.208937     6.631249     8.713813     0.044566     0.003216
  358    0   966.459410   217.685788     3.988518     5.760017    14.178022     4.690074     5.851684     6.558481     0.031491     0.002527
  359    0  1061.824142   233.177496     4.092635     5.292496    15.380673     4.873237     6.389753     9.467156     0.016188     0.003025
  360    0   980.046553   176.745567     3.907412     6.039032    15.395401     4.175849     5.837390     8.831688     0.018542     0.002795
  361    0  1033.053451   177.492085     3.652312     5.746878    15.772314     5.311513     6.083037     8.201156     0.059582     0.002949
  362    0   966.696763   190.687319     3.127066     5.579605    12.030660     4.587756     5.430097     7.914407     0.009107     0.003296
  363    0  1080.796864   185.197130     3.744263     4.934046    14.701072     4.718709     6.349655    10.046113     0.056847     0.003037
  364    0  1000.042089   183.153375     4.028987     5.336663    13.865338     5.632944     6.107947    10.211851     0.022341     0.002886
  365    0  1114.367652   207.946844     3.808066     5.524267    14.306263     4.456327     6.088518     9.313728     0.053382     0.002852
  366    0  1136.287869   184.113787     4.067092     5.492189    14.099051     3.853028     5.763257     6.352674     0.015465     0.003027
  367    0   986.957086   218.353021     4.641049     5.773461    13.358151     5.312782     6.210440     9.671341     0.040330     0.002849
  368    0   863.345843   177.480258     3.795236     4.884258    12.239084     5.476053     6.704331     8.334693     0.006304     0.003084
  369    0   983.891249   203.497155     4.492259     5.811405    15.218432     4.592302     5.977210     9.255728     0.029726     0.003138
  370    0   827.842904   171.952253     3.383923     4.920483    14.840881     4.383794     5.763961     8.967063     0.005116     0.003080
  371    0   979.661572   204.380888     4.514324     5.185911    15.697785     5.002901     5.641297     8.847336     0.064470     0.003140
  372    0   967.391548   187.070807     4.089529     5.241441    13.497442     4.804729     5.933689     9.321902     0.000010     0.003239
  373    0   933.168213   177.284636     4.637844     5.334107    14.222603     4.206826     6.407497     8.419619     0.013181     0.003019
  374    0  1092.889638   208.355456     4.115831     5.446038    14.299600     5.557367     6.105156    10.991306     0.063258     0.002964
  375    0   982.084865   177.552227     4.414845     6.407632    13.811038     5.477695     5.973600     8.938763     0.089019     0.002784
  376    0   963.666317   189.871171     4.094864     5.800756    13.796692     5.100603     6.281501    10.172774     0.039997     0.003135
  377    0  1034.290128   189.018897     3.219178     5.365192    15.865459     4.918620     5.979838     9.847779     0.053962     0.002960
  378    0  1077.699017   210.883948     4.746246     5.989278    13.977191     4.338723     5.673869     8.264695     0.016236     0.002804
  379    0  1096.845127   229.871259     3.458849     3.983049    13.403799     4.445078     5.896787     7.536426     0.030604     0.003202
  380    0  1117.758964   207.031878     4.035655     6.354002    13.821275     5.041665     6.576757    10.316500     0.055469     0.003243
  381    0  1045.578048   219.348193     3.529096     5.490639    13.896317     4.341141     5.783636     9.138038     0.047002     0.003257
  382    0   935.167925   166.975735     3.329889     5.698624    15.041212     4.846648     6.049220     9.371674     0.018014     0.002872
  383    0  1007.623143   159.009126     3.400685     6.380738    13.891052     4.546859     6.272012     7.665032     0.046049     0.003137
  384    0  1089.834805   196.096556     3.698081     6.055531    16.028428     4.490961     6.548408     8.161109     0.031641     0.002901
  385    0  1036.755731   205.665441     4.184034     7.188729    12.272038     4.915944     5.765536     8.033572     0.000010     0.003116
  386    0   885.916754   151.811902     3.864629     5.343072    13.746713     5.440690     5.429723     8.054232     0.027652     0.003081
  387    0  1220.637572   186.223518     3.584927     5.761001    14.022580     5.246070     5.556599    10.777252     0.016101     0.002924
  388    0   933.376040   180.644599     3.502568     5.172459    17.290452     4.597619     6.249847     9.012588     0.048627     0.003014
  389    0   844.111398   181.436798     3.908911     5.294369    11.857724     5.133942     6.381008    10.038544     0.037617     0.002979
  390    0  1002.948427   193.070748     3.816788     5.788114    13.522138     4.923471     5.434499     8.905651     0.041506     0.003202
  391    0  1138.795014   185.633170     3.094477     5.942277    12.574832     4.725138     5.861282     6.844500     0.022501     0.003130
  392    0   919.045323   203.116723     4.620682     4.799650    13.534345     5.358651     6.646222     8.222267     0.044808     0.003173
  393    0   906.008375   189.672706     4.466316     4.778742    14.523348     4.925032     6.263445     8.735312     0.119808     0.002941
  394    0  1046.000032   202.839563     3.484419     5.785162    14.853561     4.933548     7.204166     8.843553     0.030551     0.002800
  395    0   887.518795   202.816729     4.187543     6.321528    15.689617     4.580146     6.487487    10.570128     0.062318     0.002798
  396    0   877.153277   224.624647     3.942558     6.312602    14.724021     4.470546     6.499816    10.294467     0.041694     0.003059
  397    0  1109.400294   208.526803     3.589831     5.707561    14.554769     4.802666     5.803816     9.366676     0.000380     0.002730
  398    0  1023.442693   171.266963     4.336846     4.766010    16.088526     4.475915     6.028021     9.408443     0.035885     0.003201
  399    0  1180.328583   166.990636     4.374240     5.094063    14.466946     4.957329     4.822833     7.869409     0.027156     0.002938
  400    0  1069.659142   219.617665     3.408974     6.337146    13.972362     5.406452     5.342857     8.002447     0.035530     0.002884
  401    0  1157.272784   228.418765     3.274567     5.342459    13.918029     5.732592     6.366142     9.501148     0.044630     0.003112
  402    0  1021.179651   208.515468     3.750983     4.926075    12.879376     5.019182     5.855307     8.470467     0.002264     0.003203
  403    0   981.432636   201.642822     3.863506     5.487052    13.476096     6.015384     4.680042    10.168429     0.056223     0.003306
  404    0  1228.968011   199.937506     5.105718     5.385707    14.235699     5.026356     6.352517     9.385339     0.020487     0.002857
  405    0   898.045655   227.179344     4.009945     5.279535    11.693471     5.195830     6.315078     9.148899     0.025533     0.003115
  406    0   961.738281   229.450992     3.639655     5.726838    13.176206     4.713217     6.896568     8.411274     0.007085     0.003236
  407    0  1024.761389   222.704136     3.429752     4.089848    15.624380     5.517341     5.991307     9.411700     0.040776     0.002858
  408    0  1001.045376   199.403421     4.394451     5.272766    12.366456     4.109113     6.743661     7.967145     0.038625     0.003342
  409    0   951.158147   212.414873     3.041760     5.998511    12.852043     4.413706     6.501447     8.747131     0.061395     0.003110
  410    0   823.959633   150.403327     3.827504     5.995868    12.924567     4.170529     6.091387     7.977507     0.028385     0.003006
  411    0  1109.735940   202.674633     3.568137     5.578021    12.445917     4.462212     6.364842    10.118356     0.027255     0.003031
  412    0   998.347983   179.987418     3.887730     5.573214    14.550094     5.175696     5.936956     9.130021     0.072474     0.002644
  413    0   915.125818   210.468372     4.276011     6.361869    15.184222     5.006183     5.061637     8.571254     0.000010     0.003005
  414    0   843.045283   209.606767     3.307254     5.671844    13.318930     4.066334     5.488452     9.655799     0.000010     0.002602
  415    0   983.456504   179.297909     3.231847     6.027139    12.768810     5.497521     5.995013     8.398233     0.091471     0.003037
  416    0  1137.467660   176.739162     3.507217     5.862125    13.706920     4.644562     5.483207     9.380685     0.053510     0.002483
  417    0   954.805155   203.072079     3.119515     5.516248    13.435407     4.932987     6.680804     8.051128     0.023467     0.003229
  418    0   938.806305   190.306562     3.841082     4.812837    14.504988     3.430550     5.461948     9.503447     0.037951     0.002869
  419    0   935.757766   221.613024     4.103766     5.187879    12.754893     5.206962     5.835814     8.598826     0.050909     0.003047
  420    0   852.121002   164.903389     4.133132     5.125460    13.854940     5.309540     5.190547     7.723602     0.015839     0.002815
  421    0   980.294323   193.979216     4.963403     4.914840    12.882610     5.244833     6.389589     8.261769     0.022612     0.002908
  422    0  1051.665511   152.057272     4.546513     5.437381    13.682480     5.699485     5.588610     8.259605     0.036159     0.003206
  423    0  1003.933223   218.109236     3.574875     5.416226    14.477760     5.004113     5.825236     8.649239     0.013381     0.002982
  424    0   869.325931   208.718235     4.143207     5.657611    14.722625     4.871453     4.939710     9.427092     0.006014     0.003282
  425    0   910.909493   188.343393     4.306840     5.815740    13.468476     3.696338     6.348821     7.938364     0.029277     0.002912
  426    0   883.733932   236.632174     3.346618     5.001005    13.876438     5.057744     6.041565     9.182285     0.004146     0.002834
  427    0  1034.573497   206.889377     3.929643     5.382574    14.544638     4.749094     5.550873     8.521703     0.000010     0.003007
  428    0  1072.913276   167.438299     3.887140     5.842027    14.799358     5.528822     5.936097    10.747970     0.041438     0.003138
  429    0  1059.574177   217.117925     3.269669     5.809194    14.107658     4.524049     6.410714     9.866651     0.024716     0.003031
  430    0  1093.678128   206.286488     3.258130     5.213479    14.198902     5.235997     6.175594    10.507235     0.074139     0.003105
  431    0  1192.539513   195.552987     3.028007     5.765748    13.703811     5.438076     6.241788     8.942616     0.113369     0.003063
  432    0  1077.112591   185.646637     4.156913     5.354068    13.799012     5.001889     7.051186     9.574116     0.111256     0.002979
  433    0   768.240040   195.148048     3.245288     5.955212    13.810494     4.338744     7.033804     9.599911     0.064671     0.002873
  434    0  1180.979310   184.567586     3.806976     4.974149    14.049246     5.456883     6.043927     8.410097     0.050008     0.002726
  435    0   872.439577   201.912821     4.400180     4.856302    14.137201     4.797304     6.904981    11.015454     0.029545     0.003057
  436    0  1052.579842   210.655643     3.903922     5.819233    13.740129     5.740887     6.444096    10.644100     0.070102     0.002965
  437    0   856.247170   221.239938     3.727809     5.349358    15.660480     4.384742     5.813149     8.663504     0.037592     0.003186
  438    0   988.452822   220.460909     3.758007     5.274407    13.284627     4.535768     6.440462    10.682880     0.018063     0.002919
  439    0   917.292606   222.202845     3.033773     5.750416    13.807663     5.131485     5.733363     9.841074     0.035430     0.002853
  440    0   829.344486   186.766576     2.922035     5.025530    13.195744     4.572855     6.299417     9.678132     0.036556     0.003176
  441    0   878.100237   201.358535     4.241323     5.972047    12.392004     4.953744     6.660202     7.844762     0.039396     0.003178
  442    0  1089.925121   163.624593     3.723248     5.211791    14.554370     4.707364     5.626660     8.209910     0.081095     0.003020
  443    0  1079.376986   243.706306     4.012237     5.704473    14.060651     5.612434     5.906017    10.368628     0.063996     0.003257
  444    0   959.580214   169.523706     3.616618     5.428523    14.000885     5.835140     6.394507     8.675546     0.076549     0.003045
  445    0  1031.837622   215.363419     4.306809     4.938547    12.625924     4.937678     5.478550     9.480481     0.113795     0.003296
  446    0  1038.039557   201.903379     3.553387     6.163096    14.863718     5.816258     5.354567     7.363515     0.083986     0.002807
  447    0   947.098202   172.349084     4.113730     4.930927    14.889600     4.399315     6.244692     9.588725     0.067621     0.003043
  448    0   836.067205   217.668893     3.294391     5.767759    13.924512     4.279102     5.987546     8.679486     0.038297     0.002956
  449    0   898.057326   204.877215     3.633823     5.118155    15.242785     5.456808     5.620202     8.160715     0.017574     0.002938
  450    0  1131.487477   211.740801     3.377796     5.337840    14.937319     4.902867     5.865556    12.098237     0.089595     0.002855
  451    0  1063.873656   160.071874     3.906469     4.871854    12.814848     5.035505     5.358711     8.847073     0.050279     0.003329
  452    0   979.034738   182.848562     3.984247     6.683745    14.116459     4.726533     5.216452     9.684304     0.046893     0.003037
  453    0   962.182698   189.608525     3.440317     5.375899    14.447961     5.484527     5.584304     8.720277     0.077279     0.002549
  454    0   860.944916   164.964340     3.184096     5.644261    13.429453     4.682157     5.200841     8.737816     0.049340     0.003049
  455    0  1010.172491   183.831865     3.979145     6.443923    12.805943     4.910933     5.983799     8.541264     0.062932     0.003094
  456    0  1223.343704   206.996034     3.328522     5.392271    14.674746     4.767879     6.056869     8.959206     0.019574     0.003198
  457    0  1011.565737   190.555856     3.873027     5.888296    12.420813     4.902794     6.518120     9.972943     0.033211     0.003272
  458    0  1070.963215   196.756235     3.370863     5.990258    12.635684     5.210436     7.043664     8.628301     0.024378     0.002987
  459    0  1095.910215   195.027782     4.252620     6.235730    14.183475     4.652337     5.380621     8.480893     0.046179     0.002851
  460    0  1060.061682   212.248578     4.158349     5.550654    15.239399     4.836680     5.975813     9.601277     0.000010     0.003195
  461    0   930.889667   220.616564     4.238065     4.669315    13.480433     4.664429     4.822084     9.755151     0.009127     0.002930
  462    0  1137.727500   182.758436     3.409011     5.760470    12.881673     5.382485     5.752841     9.297955     0.035627     0.002830
  463    0  1110.961261   202.590745     3.212120     5.521446    15.217701     5.889563     6.395768     8.966091     0.007562     0.002748
  464    0   979.206060   206.016523     3.921443     5.266827    15.943259     5.304629     5.620408     8.993602     0.040308     0.002960
  465    0  1107.778982   184.511474     4.188681     5.155802    15.170206     5.160255     6.438498     8.853292     0.084534     0.003086
  466    0   932.613116   208.891489     3.510485     4.942896    14.862101     5.787603     5.099807     9.663949     0.030434     0.003053
  467    0   884.357636   230.585755     4.393718     5.697366    15.199163     5.116472     5.604717     9.421862     0.000010     0.002701
  468    0  1091.418152   181.695357     3.839302     5.070476    14.082799     5.768555     5.594288     9.172377     0.057993     0.002748
  469    0  1029.482603   194.185373     4.031916     5.759452    13.601195     5.689135     5.675304     9.092724     0.042401     0.002893
  470    0  1017.045207   189.898157     4.016302     5.612756    14.500950     4.403404     5.608944    10.947860     0.060729     0.002662
  471    0  1128.712663   187.030503     3.532005     4.295191    12.069332     4.120230     5.594994     8.495179     0.000010     0.003226
  472    0   934.107974   188.951366     3.459148     5.954498    12.680813     4.785659     5.729242     5.864694     0.038633     0.002870
  473    0   875.687257   189.453821     3.674954     5.520410    15.567931     5.111982     5.152918     9.539236     0.068248     0.002895
  474    0  1113.246344   180.670191     4.248022     6.236673    13.877911     4.153443     6.121647     8.345830     0.047466     0.003244
  475    0  1141.557029   172.183785     3.856196     5.091404    16.174966     5.631719     5.729651     9.127242     0.034379     0.002898
  476    0   990.802024   209.901515     3.887714     5.611134    13.719465     5.024918     5.877820     8.771274     0.017277     0.002833
  477    0  1090.603999   199.436369     3.078450     5.481809    12.258286     5.199344     6.094856     9.401763     0.000010     0.003115
  478    0  1168.382328   189.471803     2.982941     5.245244    15.154912     5.091815     5.695460     9.100444     0.034351     0.002798
  479    0  1187.513394   191.742685     3.965748     5.293660    14.366573     4.147950     6.784084     9.927205     0.046882     0.003057
  480    0  1006.395568   240.239654     2.990708     5.420401    13.857441     6.595287     6.425507     7.557708     0.035078     0.002910
  481    0   987.859356   220.719289     3.862530     5.754480    15.531197     4.890548     5.068413    10.328244     0.030710     0.003161
  482    0  1008.040146   164.150165     3.910364     5.568210    14.423290     5.602273     5.465884    10.528949     0.038552     0.002835
  483    0   935.948877   197.077440     3.363845     5.127240    15.043486     5.442086     5.550757     9.240515     0.041758     0.002864
  484    0   936.540740   198.274398     3.532539     4.871478    13.535704     5.619188     5.427272     8.261929     0.055342     0.002912
  485    0   976.313114   204.705894     4.471790     5.326973    13.270845     5.505151     7.111443     9.918446     0.000010     0.002910
  486    0  1064.467019   216.418834     4.475986     5.372339    12.324011     4.934730     6.382198     9.027414     0.054720     0.003052
  487    0  1153.385173   166.664035     2.913326     5.692929    14.983040     4.973914     4.981753     9.120593     0.007265     0.003223
  488    0  1009.569944   171.117630     4.312567     5.209469    12.678643     4.619093     6.587047     8.443975     0.050328     0.002779
  489    0  1011.633087   190.118048     3.834218     5.890381    14.924968     5.430875     6.072682     8.590949     0.013019     0.002995
  490    0   959.525953   147.761058     3.708414     5.823298    13.400246     5.174589     6.197275     8.617226     0.058469     0.003003
  491    0  1104.377626   186.345979     3.565393     5.492602    13.522397     4.996628     4.797614    10.842672     0.000010     0.003432
  492    0  1018.952742   199.028559     3.675758     6.044914    12.805379     5.566531     7.012966    12.219770     0.016011     0.002505
  493    0   952.083925   215.397646     2.960358     5.363882    13.944834     4.959774     6.137667    10.183393     0.030831     0.002929
  494    0  1072.930874   224.539870     3.323019     4.300689    14.828154     5.505729     5.676319     8.446227     0.048408     0.003258
  495    0   980.082093   202.758233     4.548101     5.329179    15.179938     4.780373     6.119042     7.305296     0.099707     0.003436
  496    0   886.075306   180.966097     4.240470     5.785989    13.869564     5.456734     5.756569    10.092589     0.000010     0.003138
  497    0  1007.485334   196.022307     3.536931     5.275499    13.804316     4.845612     6.432305     9.285288     0.043446     0.002743
  498    0   991.069945   198.165961     4.243615     6.155925    15.238419     4.775497     6.301888     8.570988     0.000010     0.002881
  499    0   964.097190   197.547586     2.948455     4.705134    16.336240     4.593417     5.079914     6.842205     0.019332     0.002727
  500    0  1096.476193   206.072988     3.660472     5.530134    13.535518     4.766422     5.345474     8.919723     0.028334     0.003062
