TITLE = "Xsusc001_1"
VARIABLES = "time" 
 "   1" "   2" "   3" "   4" "   5" "   6" "   7" "   8" "   9" "  10" "  11"
 ZONE T="Xsusc001_1"  F=POINT, I=         601 , J=1, K=1
  0.00000E+00  0.66603E-01  0.86496E-01  0.86738E-01  0.11140E+00  0.12359E+00  0.12800E+00  0.13099E+00  0.11928E+00  0.84897E-01  0.48378E-01  0.13604E-01 
  0.10000E+01  0.66603E-01  0.86496E-01  0.86738E-01  0.11140E+00  0.12359E+00  0.12800E+00  0.13099E+00  0.11928E+00  0.84897E-01  0.48378E-01  0.13604E-01 
  0.20000E+01  0.66602E-01  0.86495E-01  0.86738E-01  0.11140E+00  0.12358E+00  0.12800E+00  0.13099E+00  0.11928E+00  0.84897E-01  0.48378E-01  0.13604E-01 
  0.30000E+01  0.66602E-01  0.86494E-01  0.86737E-01  0.11140E+00  0.12358E+00  0.12800E+00  0.13099E+00  0.11928E+00  0.84896E-01  0.48377E-01  0.13603E-01 
  0.40000E+01  0.66601E-01  0.86494E-01  0.86736E-01  0.11140E+00  0.12358E+00  0.12800E+00  0.13099E+00  0.11928E+00  0.84895E-01  0.48377E-01  0.13603E-01 
  0.50000E+01  0.66600E-01  0.86492E-01  0.86735E-01  0.11139E+00  0.12358E+00  0.12800E+00  0.13099E+00  0.11928E+00  0.84894E-01  0.48376E-01  0.13603E-01 
  0.60000E+01  0.66599E-01  0.86491E-01  0.86734E-01  0.11139E+00  0.12358E+00  0.12800E+00  0.13099E+00  0.11928E+00  0.84893E-01  0.48376E-01  0.13603E-01 
  0.70000E+01  0.66598E-01  0.86489E-01  0.86732E-01  0.11139E+00  0.12358E+00  0.12799E+00  0.13098E+00  0.11927E+00  0.84891E-01  0.48375E-01  0.13603E-01 
  0.80000E+01  0.66596E-01  0.86487E-01  0.86730E-01  0.11139E+00  0.12357E+00  0.12799E+00  0.13098E+00  0.11927E+00  0.84889E-01  0.48373E-01  0.13602E-01 
  0.90000E+01  0.66594E-01  0.86484E-01  0.86727E-01  0.11138E+00  0.12357E+00  0.12799E+00  0.13098E+00  0.11927E+00  0.84886E-01  0.48372E-01  0.13602E-01 
  0.10000E+02  0.66591E-01  0.86481E-01  0.86723E-01  0.11138E+00  0.12356E+00  0.12798E+00  0.13097E+00  0.11926E+00  0.84883E-01  0.48370E-01  0.13601E-01 
  0.11000E+02  0.66588E-01  0.86476E-01  0.86719E-01  0.11137E+00  0.12356E+00  0.12797E+00  0.13097E+00  0.11926E+00  0.84878E-01  0.48367E-01  0.13601E-01 
  0.12000E+02  0.66584E-01  0.86471E-01  0.86714E-01  0.11137E+00  0.12355E+00  0.12797E+00  0.13096E+00  0.11925E+00  0.84873E-01  0.48364E-01  0.13600E-01 
  0.13000E+02  0.66579E-01  0.86464E-01  0.86707E-01  0.11136E+00  0.12354E+00  0.12796E+00  0.13095E+00  0.11924E+00  0.84867E-01  0.48361E-01  0.13599E-01 
  0.14000E+02  0.66573E-01  0.86456E-01  0.86699E-01  0.11135E+00  0.12353E+00  0.12794E+00  0.13093E+00  0.11923E+00  0.84859E-01  0.48356E-01  0.13597E-01 
  0.15000E+02  0.66565E-01  0.86447E-01  0.86689E-01  0.11133E+00  0.12352E+00  0.12793E+00  0.13092E+00  0.11921E+00  0.84849E-01  0.48351E-01  0.13596E-01 
  0.16000E+02  0.66556E-01  0.86434E-01  0.86677E-01  0.11132E+00  0.12350E+00  0.12791E+00  0.13090E+00  0.11920E+00  0.84837E-01  0.48344E-01  0.13594E-01 
  0.17000E+02  0.66544E-01  0.86419E-01  0.86662E-01  0.11130E+00  0.12348E+00  0.12789E+00  0.13088E+00  0.11918E+00  0.84822E-01  0.48335E-01  0.13592E-01 
  0.18000E+02  0.66530E-01  0.86400E-01  0.86643E-01  0.11128E+00  0.12345E+00  0.12786E+00  0.13085E+00  0.11915E+00  0.84804E-01  0.48325E-01  0.13589E-01 
  0.19000E+02  0.66512E-01  0.86377E-01  0.86620E-01  0.11125E+00  0.12342E+00  0.12783E+00  0.13082E+00  0.11912E+00  0.84781E-01  0.48312E-01  0.13585E-01 
  0.20000E+02  0.66490E-01  0.86349E-01  0.86591E-01  0.11121E+00  0.12338E+00  0.12779E+00  0.13077E+00  0.11908E+00  0.84753E-01  0.48296E-01  0.13581E-01 
  0.21000E+02  0.66463E-01  0.86314E-01  0.86556E-01  0.11116E+00  0.12333E+00  0.12773E+00  0.13072E+00  0.11903E+00  0.84719E-01  0.48276E-01  0.13575E-01 
  0.22000E+02  0.66428E-01  0.86269E-01  0.86511E-01  0.11111E+00  0.12326E+00  0.12767E+00  0.13065E+00  0.11897E+00  0.84675E-01  0.48251E-01  0.13568E-01 
  0.23000E+02  0.66385E-01  0.86212E-01  0.86454E-01  0.11103E+00  0.12318E+00  0.12758E+00  0.13057E+00  0.11889E+00  0.84619E-01  0.48220E-01  0.13559E-01 
  0.24000E+02  0.66329E-01  0.86140E-01  0.86381E-01  0.11094E+00  0.12308E+00  0.12748E+00  0.13046E+00  0.11879E+00  0.84548E-01  0.48179E-01  0.13548E-01 
  0.25000E+02  0.66257E-01  0.86046E-01  0.86288E-01  0.11082E+00  0.12294E+00  0.12734E+00  0.13031E+00  0.11866E+00  0.84456E-01  0.48127E-01  0.13533E-01 
  0.26000E+02  0.66166E-01  0.85928E-01  0.86169E-01  0.11067E+00  0.12277E+00  0.12716E+00  0.13013E+00  0.11850E+00  0.84340E-01  0.48060E-01  0.13514E-01 
  0.27000E+02  0.66049E-01  0.85777E-01  0.86017E-01  0.11047E+00  0.12256E+00  0.12694E+00  0.12991E+00  0.11829E+00  0.84192E-01  0.47976E-01  0.13491E-01 
  0.28000E+02  0.65901E-01  0.85584E-01  0.85824E-01  0.11022E+00  0.12228E+00  0.12665E+00  0.12961E+00  0.11802E+00  0.84003E-01  0.47868E-01  0.13460E-01 
  0.29000E+02  0.65711E-01  0.85337E-01  0.85577E-01  0.10991E+00  0.12193E+00  0.12629E+00  0.12924E+00  0.11768E+00  0.83760E-01  0.47730E-01  0.13421E-01 
  0.30000E+02  0.65465E-01  0.85018E-01  0.85256E-01  0.10949E+00  0.12147E+00  0.12582E+00  0.12876E+00  0.11724E+00  0.83447E-01  0.47552E-01  0.13371E-01 
  0.31000E+02  0.65333E-01  0.84846E-01  0.85084E-01  0.10927E+00  0.12123E+00  0.12556E+00  0.12850E+00  0.11701E+00  0.83278E-01  0.47456E-01  0.13344E-01 
  0.32000E+02  0.65168E-01  0.84633E-01  0.84870E-01  0.10900E+00  0.12092E+00  0.12525E+00  0.12817E+00  0.11671E+00  0.83069E-01  0.47336E-01  0.13311E-01 
  0.33000E+02  0.64975E-01  0.84382E-01  0.84619E-01  0.10868E+00  0.12057E+00  0.12487E+00  0.12779E+00  0.11637E+00  0.82823E-01  0.47196E-01  0.13271E-01 
  0.34000E+02  0.64760E-01  0.84102E-01  0.84338E-01  0.10832E+00  0.12017E+00  0.12446E+00  0.12737E+00  0.11598E+00  0.82548E-01  0.47039E-01  0.13227E-01 
  0.35000E+02  0.64528E-01  0.83801E-01  0.84036E-01  0.10793E+00  0.11974E+00  0.12401E+00  0.12691E+00  0.11557E+00  0.82253E-01  0.46871E-01  0.13180E-01 
  0.36000E+02  0.64286E-01  0.83487E-01  0.83721E-01  0.10752E+00  0.11929E+00  0.12355E+00  0.12644E+00  0.11513E+00  0.81944E-01  0.46695E-01  0.13130E-01 
  0.37000E+02  0.64038E-01  0.83165E-01  0.83398E-01  0.10711E+00  0.11883E+00  0.12307E+00  0.12595E+00  0.11469E+00  0.81628E-01  0.46515E-01  0.13080E-01 
  0.38000E+02  0.63788E-01  0.82840E-01  0.83073E-01  0.10669E+00  0.11836E+00  0.12259E+00  0.12546E+00  0.11424E+00  0.81310E-01  0.46334E-01  0.13029E-01 
  0.39000E+02  0.63544E-01  0.82523E-01  0.82755E-01  0.10628E+00  0.11791E+00  0.12212E+00  0.12498E+00  0.11380E+00  0.80998E-01  0.46156E-01  0.12979E-01 
  0.40000E+02  0.63317E-01  0.82229E-01  0.82459E-01  0.10590E+00  0.11749E+00  0.12169E+00  0.12453E+00  0.11340E+00  0.80709E-01  0.45992E-01  0.12933E-01 
  0.41000E+02  0.63123E-01  0.81976E-01  0.82206E-01  0.10558E+00  0.11713E+00  0.12131E+00  0.12415E+00  0.11305E+00  0.80461E-01  0.45850E-01  0.12893E-01 
  0.42000E+02  0.62972E-01  0.81780E-01  0.82010E-01  0.10533E+00  0.11685E+00  0.12102E+00  0.12385E+00  0.11278E+00  0.80269E-01  0.45741E-01  0.12862E-01 
  0.43000E+02  0.62867E-01  0.81645E-01  0.81873E-01  0.10515E+00  0.11665E+00  0.12082E+00  0.12365E+00  0.11259E+00  0.80136E-01  0.45665E-01  0.12841E-01 
  0.44000E+02  0.62797E-01  0.81554E-01  0.81782E-01  0.10503E+00  0.11652E+00  0.12069E+00  0.12351E+00  0.11247E+00  0.80047E-01  0.45614E-01  0.12826E-01 
  0.45000E+02  0.62742E-01  0.81482E-01  0.81710E-01  0.10494E+00  0.11642E+00  0.12058E+00  0.12340E+00  0.11237E+00  0.79976E-01  0.45574E-01  0.12815E-01 
  0.46000E+02  0.62684E-01  0.81406E-01  0.81634E-01  0.10484E+00  0.11631E+00  0.12047E+00  0.12329E+00  0.11226E+00  0.79902E-01  0.45531E-01  0.12803E-01 
  0.47000E+02  0.62611E-01  0.81312E-01  0.81540E-01  0.10472E+00  0.11618E+00  0.12033E+00  0.12314E+00  0.11213E+00  0.79809E-01  0.45479E-01  0.12788E-01 
  0.48000E+02  0.62525E-01  0.81200E-01  0.81427E-01  0.10458E+00  0.11602E+00  0.12017E+00  0.12297E+00  0.11198E+00  0.79699E-01  0.45416E-01  0.12771E-01 
  0.49000E+02  0.62431E-01  0.81078E-01  0.81305E-01  0.10442E+00  0.11584E+00  0.11998E+00  0.12279E+00  0.11181E+00  0.79580E-01  0.45348E-01  0.12752E-01 
  0.50000E+02  0.62339E-01  0.80959E-01  0.81186E-01  0.10427E+00  0.11567E+00  0.11981E+00  0.12261E+00  0.11165E+00  0.79462E-01  0.45281E-01  0.12733E-01 
  0.51000E+02  0.62255E-01  0.80849E-01  0.81076E-01  0.10413E+00  0.11552E+00  0.11965E+00  0.12244E+00  0.11149E+00  0.79355E-01  0.45220E-01  0.12716E-01 
  0.52000E+02  0.62179E-01  0.80751E-01  0.80977E-01  0.10400E+00  0.11538E+00  0.11950E+00  0.12229E+00  0.11136E+00  0.79258E-01  0.45165E-01  0.12700E-01 
  0.53000E+02  0.62107E-01  0.80657E-01  0.80883E-01  0.10388E+00  0.11524E+00  0.11936E+00  0.12215E+00  0.11123E+00  0.79166E-01  0.45112E-01  0.12685E-01 
  0.54000E+02  0.62032E-01  0.80559E-01  0.80785E-01  0.10375E+00  0.11510E+00  0.11922E+00  0.12200E+00  0.11109E+00  0.79070E-01  0.45058E-01  0.12670E-01 
  0.55000E+02  0.61949E-01  0.80451E-01  0.80677E-01  0.10361E+00  0.11495E+00  0.11906E+00  0.12184E+00  0.11095E+00  0.78965E-01  0.44997E-01  0.12653E-01 
  0.56000E+02  0.61857E-01  0.80333E-01  0.80558E-01  0.10346E+00  0.11478E+00  0.11888E+00  0.12166E+00  0.11078E+00  0.78848E-01  0.44931E-01  0.12634E-01 
  0.57000E+02  0.61760E-01  0.80206E-01  0.80431E-01  0.10330E+00  0.11460E+00  0.11869E+00  0.12147E+00  0.11061E+00  0.78724E-01  0.44860E-01  0.12614E-01 
  0.58000E+02  0.61659E-01  0.80076E-01  0.80300E-01  0.10313E+00  0.11441E+00  0.11850E+00  0.12127E+00  0.11043E+00  0.78596E-01  0.44787E-01  0.12594E-01 
  0.59000E+02  0.61560E-01  0.79946E-01  0.80170E-01  0.10296E+00  0.11423E+00  0.11831E+00  0.12108E+00  0.11025E+00  0.78469E-01  0.44715E-01  0.12574E-01 
  0.60000E+02  0.61463E-01  0.79821E-01  0.80045E-01  0.10280E+00  0.11405E+00  0.11812E+00  0.12089E+00  0.11008E+00  0.78346E-01  0.44645E-01  0.12554E-01 
  0.61000E+02  0.61373E-01  0.79704E-01  0.79927E-01  0.10265E+00  0.11388E+00  0.11795E+00  0.12071E+00  0.10992E+00  0.78231E-01  0.44579E-01  0.12535E-01 
  0.62000E+02  0.61291E-01  0.79597E-01  0.79820E-01  0.10251E+00  0.11373E+00  0.11779E+00  0.12055E+00  0.10977E+00  0.78126E-01  0.44520E-01  0.12519E-01 
  0.63000E+02  0.61219E-01  0.79504E-01  0.79727E-01  0.10239E+00  0.11360E+00  0.11766E+00  0.12041E+00  0.10964E+00  0.78035E-01  0.44467E-01  0.12504E-01 
  0.64000E+02  0.61158E-01  0.79425E-01  0.79648E-01  0.10229E+00  0.11348E+00  0.11754E+00  0.12029E+00  0.10953E+00  0.77957E-01  0.44423E-01  0.12492E-01 
  0.65000E+02  0.61108E-01  0.79360E-01  0.79582E-01  0.10221E+00  0.11339E+00  0.11744E+00  0.12019E+00  0.10944E+00  0.77893E-01  0.44387E-01  0.12481E-01 
  0.66000E+02  0.61066E-01  0.79305E-01  0.79527E-01  0.10214E+00  0.11331E+00  0.11736E+00  0.12010E+00  0.10937E+00  0.77839E-01  0.44356E-01  0.12473E-01 
  0.67000E+02  0.61027E-01  0.79254E-01  0.79476E-01  0.10207E+00  0.11324E+00  0.11729E+00  0.12003E+00  0.10929E+00  0.77789E-01  0.44328E-01  0.12465E-01 
  0.68000E+02  0.60985E-01  0.79200E-01  0.79422E-01  0.10200E+00  0.11316E+00  0.11721E+00  0.11994E+00  0.10922E+00  0.77736E-01  0.44297E-01  0.12456E-01 
  0.69000E+02  0.60937E-01  0.79137E-01  0.79359E-01  0.10192E+00  0.11307E+00  0.11711E+00  0.11985E+00  0.10913E+00  0.77675E-01  0.44262E-01  0.12446E-01 
  0.70000E+02  0.60881E-01  0.79065E-01  0.79286E-01  0.10183E+00  0.11297E+00  0.11701E+00  0.11974E+00  0.10903E+00  0.77604E-01  0.44222E-01  0.12435E-01 
  0.71000E+02  0.60820E-01  0.78985E-01  0.79207E-01  0.10173E+00  0.11285E+00  0.11689E+00  0.11962E+00  0.10892E+00  0.77525E-01  0.44177E-01  0.12422E-01 
  0.72000E+02  0.60756E-01  0.78903E-01  0.79124E-01  0.10162E+00  0.11274E+00  0.11677E+00  0.11949E+00  0.10881E+00  0.77445E-01  0.44131E-01  0.12409E-01 
  0.73000E+02  0.60693E-01  0.78821E-01  0.79042E-01  0.10151E+00  0.11262E+00  0.11664E+00  0.11937E+00  0.10870E+00  0.77364E-01  0.44085E-01  0.12397E-01 
  0.74000E+02  0.60631E-01  0.78740E-01  0.78961E-01  0.10141E+00  0.11250E+00  0.11652E+00  0.11925E+00  0.10859E+00  0.77285E-01  0.44040E-01  0.12384E-01 
  0.75000E+02  0.60569E-01  0.78659E-01  0.78880E-01  0.10131E+00  0.11239E+00  0.11641E+00  0.11913E+00  0.10847E+00  0.77205E-01  0.43995E-01  0.12371E-01 
  0.76000E+02  0.60505E-01  0.78577E-01  0.78797E-01  0.10120E+00  0.11227E+00  0.11628E+00  0.11900E+00  0.10836E+00  0.77125E-01  0.43949E-01  0.12358E-01 
  0.77000E+02  0.60440E-01  0.78493E-01  0.78713E-01  0.10109E+00  0.11215E+00  0.11616E+00  0.11887E+00  0.10825E+00  0.77042E-01  0.43902E-01  0.12345E-01 
  0.78000E+02  0.60376E-01  0.78409E-01  0.78629E-01  0.10098E+00  0.11203E+00  0.11604E+00  0.11875E+00  0.10813E+00  0.76960E-01  0.43855E-01  0.12332E-01 
  0.79000E+02  0.60314E-01  0.78329E-01  0.78548E-01  0.10088E+00  0.11192E+00  0.11592E+00  0.11863E+00  0.10802E+00  0.76881E-01  0.43810E-01  0.12319E-01 
  0.80000E+02  0.60257E-01  0.78255E-01  0.78474E-01  0.10078E+00  0.11181E+00  0.11581E+00  0.11851E+00  0.10792E+00  0.76808E-01  0.43769E-01  0.12307E-01 
  0.81000E+02  0.60207E-01  0.78190E-01  0.78409E-01  0.10070E+00  0.11172E+00  0.11571E+00  0.11842E+00  0.10783E+00  0.76745E-01  0.43733E-01  0.12297E-01 
  0.82000E+02  0.60167E-01  0.78137E-01  0.78356E-01  0.10063E+00  0.11164E+00  0.11563E+00  0.11834E+00  0.10775E+00  0.76693E-01  0.43703E-01  0.12289E-01 
  0.83000E+02  0.60134E-01  0.78095E-01  0.78314E-01  0.10058E+00  0.11158E+00  0.11557E+00  0.11827E+00  0.10770E+00  0.76652E-01  0.43680E-01  0.12282E-01 
  0.84000E+02  0.60109E-01  0.78062E-01  0.78281E-01  0.10054E+00  0.11154E+00  0.11552E+00  0.11822E+00  0.10765E+00  0.76620E-01  0.43661E-01  0.12277E-01 
  0.85000E+02  0.60087E-01  0.78034E-01  0.78252E-01  0.10050E+00  0.11149E+00  0.11548E+00  0.11818E+00  0.10761E+00  0.76592E-01  0.43645E-01  0.12273E-01 
  0.86000E+02  0.60065E-01  0.78005E-01  0.78224E-01  0.10046E+00  0.11145E+00  0.11544E+00  0.11814E+00  0.10757E+00  0.76564E-01  0.43629E-01  0.12268E-01 
  0.87000E+02  0.60040E-01  0.77972E-01  0.78191E-01  0.10042E+00  0.11141E+00  0.11539E+00  0.11809E+00  0.10753E+00  0.76531E-01  0.43611E-01  0.12263E-01 
  0.88000E+02  0.60010E-01  0.77933E-01  0.78152E-01  0.10037E+00  0.11135E+00  0.11533E+00  0.11803E+00  0.10747E+00  0.76493E-01  0.43589E-01  0.12257E-01 
  0.89000E+02  0.59974E-01  0.77887E-01  0.78106E-01  0.10031E+00  0.11129E+00  0.11526E+00  0.11796E+00  0.10741E+00  0.76448E-01  0.43563E-01  0.12250E-01 
  0.90000E+02  0.59934E-01  0.77835E-01  0.78054E-01  0.10024E+00  0.11121E+00  0.11519E+00  0.11788E+00  0.10734E+00  0.76397E-01  0.43534E-01  0.12242E-01 
  0.91000E+02  0.59890E-01  0.77778E-01  0.77996E-01  0.10017E+00  0.11113E+00  0.11510E+00  0.11779E+00  0.10726E+00  0.76341E-01  0.43502E-01  0.12233E-01 
  0.92000E+02  0.59844E-01  0.77718E-01  0.77936E-01  0.10009E+00  0.11104E+00  0.11501E+00  0.11770E+00  0.10718E+00  0.76282E-01  0.43468E-01  0.12223E-01 
  0.93000E+02  0.59797E-01  0.77656E-01  0.77874E-01  0.10001E+00  0.11096E+00  0.11492E+00  0.11761E+00  0.10709E+00  0.76221E-01  0.43434E-01  0.12213E-01 
  0.94000E+02  0.59751E-01  0.77597E-01  0.77815E-01  0.99938E-01  0.11087E+00  0.11483E+00  0.11752E+00  0.10701E+00  0.76163E-01  0.43401E-01  0.12204E-01 
  0.95000E+02  0.59709E-01  0.77543E-01  0.77760E-01  0.99867E-01  0.11079E+00  0.11475E+00  0.11744E+00  0.10693E+00  0.76110E-01  0.43371E-01  0.12196E-01 
  0.96000E+02  0.59672E-01  0.77494E-01  0.77712E-01  0.99805E-01  0.11072E+00  0.11468E+00  0.11736E+00  0.10687E+00  0.76062E-01  0.43344E-01  0.12188E-01 
  0.97000E+02  0.59639E-01  0.77452E-01  0.77669E-01  0.99751E-01  0.11066E+00  0.11462E+00  0.11730E+00  0.10681E+00  0.76021E-01  0.43320E-01  0.12181E-01 
  0.98000E+02  0.59609E-01  0.77413E-01  0.77630E-01  0.99701E-01  0.11061E+00  0.11456E+00  0.11724E+00  0.10676E+00  0.75983E-01  0.43298E-01  0.12175E-01 
  0.99000E+02  0.59580E-01  0.77375E-01  0.77592E-01  0.99652E-01  0.11055E+00  0.11451E+00  0.11718E+00  0.10670E+00  0.75945E-01  0.43277E-01  0.12169E-01 
  0.10000E+03  0.59550E-01  0.77336E-01  0.77553E-01  0.99601E-01  0.11050E+00  0.11445E+00  0.11712E+00  0.10665E+00  0.75907E-01  0.43255E-01  0.12163E-01 
  0.10100E+03  0.59517E-01  0.77294E-01  0.77510E-01  0.99547E-01  0.11044E+00  0.11438E+00  0.11706E+00  0.10659E+00  0.75865E-01  0.43231E-01  0.12156E-01 
  0.10200E+03  0.59482E-01  0.77248E-01  0.77465E-01  0.99488E-01  0.11037E+00  0.11432E+00  0.11699E+00  0.10653E+00  0.75821E-01  0.43206E-01  0.12149E-01 
  0.10300E+03  0.59446E-01  0.77201E-01  0.77417E-01  0.99427E-01  0.11030E+00  0.11425E+00  0.11692E+00  0.10646E+00  0.75774E-01  0.43179E-01  0.12142E-01 
  0.10400E+03  0.59408E-01  0.77152E-01  0.77368E-01  0.99364E-01  0.11023E+00  0.11417E+00  0.11684E+00  0.10640E+00  0.75726E-01  0.43152E-01  0.12134E-01 
  0.10500E+03  0.59370E-01  0.77102E-01  0.77318E-01  0.99300E-01  0.11016E+00  0.11410E+00  0.11677E+00  0.10633E+00  0.75677E-01  0.43124E-01  0.12126E-01 
  0.10600E+03  0.59332E-01  0.77053E-01  0.77269E-01  0.99236E-01  0.11009E+00  0.11403E+00  0.11669E+00  0.10626E+00  0.75629E-01  0.43096E-01  0.12118E-01 
  0.10700E+03  0.59293E-01  0.77003E-01  0.77219E-01  0.99172E-01  0.11002E+00  0.11395E+00  0.11662E+00  0.10619E+00  0.75580E-01  0.43069E-01  0.12111E-01 
  0.10800E+03  0.59255E-01  0.76953E-01  0.77169E-01  0.99108E-01  0.10995E+00  0.11388E+00  0.11654E+00  0.10612E+00  0.75531E-01  0.43041E-01  0.12103E-01 
  0.10900E+03  0.59217E-01  0.76904E-01  0.77119E-01  0.99045E-01  0.10988E+00  0.11381E+00  0.11647E+00  0.10605E+00  0.75483E-01  0.43013E-01  0.12095E-01 
  0.11000E+03  0.59180E-01  0.76855E-01  0.77071E-01  0.98982E-01  0.10981E+00  0.11374E+00  0.11639E+00  0.10599E+00  0.75435E-01  0.42986E-01  0.12087E-01 
  0.11100E+03  0.59145E-01  0.76810E-01  0.77025E-01  0.98924E-01  0.10975E+00  0.11367E+00  0.11633E+00  0.10592E+00  0.75390E-01  0.42961E-01  0.12080E-01 
  0.11200E+03  0.59113E-01  0.76769E-01  0.76984E-01  0.98871E-01  0.10969E+00  0.11361E+00  0.11626E+00  0.10587E+00  0.75350E-01  0.42938E-01  0.12074E-01 
  0.11300E+03  0.59085E-01  0.76733E-01  0.76948E-01  0.98825E-01  0.10964E+00  0.11355E+00  0.11621E+00  0.10582E+00  0.75315E-01  0.42918E-01  0.12068E-01 
  0.11400E+03  0.59062E-01  0.76703E-01  0.76918E-01  0.98786E-01  0.10959E+00  0.11351E+00  0.11616E+00  0.10578E+00  0.75285E-01  0.42901E-01  0.12063E-01 
  0.11500E+03  0.59043E-01  0.76678E-01  0.76893E-01  0.98754E-01  0.10956E+00  0.11347E+00  0.11613E+00  0.10574E+00  0.75261E-01  0.42887E-01  0.12060E-01 
  0.11600E+03  0.59027E-01  0.76656E-01  0.76871E-01  0.98726E-01  0.10953E+00  0.11344E+00  0.11609E+00  0.10571E+00  0.75240E-01  0.42875E-01  0.12056E-01 
  0.11700E+03  0.59011E-01  0.76636E-01  0.76851E-01  0.98700E-01  0.10950E+00  0.11341E+00  0.11606E+00  0.10569E+00  0.75220E-01  0.42864E-01  0.12053E-01 
  0.11800E+03  0.58995E-01  0.76615E-01  0.76830E-01  0.98673E-01  0.10947E+00  0.11338E+00  0.11603E+00  0.10566E+00  0.75199E-01  0.42852E-01  0.12050E-01 
  0.11900E+03  0.58976E-01  0.76591E-01  0.76806E-01  0.98642E-01  0.10943E+00  0.11334E+00  0.11599E+00  0.10562E+00  0.75176E-01  0.42838E-01  0.12046E-01 
  0.12000E+03  0.58955E-01  0.76564E-01  0.76778E-01  0.98607E-01  0.10939E+00  0.11330E+00  0.11595E+00  0.10558E+00  0.75149E-01  0.42823E-01  0.12042E-01 
  0.12100E+03  0.58931E-01  0.76533E-01  0.76748E-01  0.98567E-01  0.10935E+00  0.11326E+00  0.11591E+00  0.10554E+00  0.75119E-01  0.42806E-01  0.12037E-01 
  0.12200E+03  0.58906E-01  0.76500E-01  0.76715E-01  0.98525E-01  0.10930E+00  0.11321E+00  0.11586E+00  0.10550E+00  0.75086E-01  0.42787E-01  0.12032E-01 
  0.12300E+03  0.58880E-01  0.76466E-01  0.76680E-01  0.98480E-01  0.10925E+00  0.11316E+00  0.11580E+00  0.10545E+00  0.75053E-01  0.42768E-01  0.12026E-01 
  0.12400E+03  0.58852E-01  0.76430E-01  0.76645E-01  0.98435E-01  0.10920E+00  0.11311E+00  0.11575E+00  0.10540E+00  0.75018E-01  0.42748E-01  0.12021E-01 
  0.12500E+03  0.58825E-01  0.76394E-01  0.76609E-01  0.98389E-01  0.10915E+00  0.11305E+00  0.11570E+00  0.10535E+00  0.74983E-01  0.42728E-01  0.12015E-01 
  0.12600E+03  0.58797E-01  0.76359E-01  0.76573E-01  0.98342E-01  0.10910E+00  0.11300E+00  0.11564E+00  0.10530E+00  0.74947E-01  0.42708E-01  0.12009E-01 
  0.12700E+03  0.58771E-01  0.76324E-01  0.76538E-01  0.98298E-01  0.10905E+00  0.11295E+00  0.11559E+00  0.10525E+00  0.74914E-01  0.42689E-01  0.12004E-01 
  0.12800E+03  0.58746E-01  0.76292E-01  0.76506E-01  0.98257E-01  0.10901E+00  0.11290E+00  0.11554E+00  0.10521E+00  0.74882E-01  0.42671E-01  0.11999E-01 
  0.12900E+03  0.58723E-01  0.76262E-01  0.76476E-01  0.98218E-01  0.10896E+00  0.11286E+00  0.11550E+00  0.10517E+00  0.74853E-01  0.42654E-01  0.11994E-01 
  0.13000E+03  0.58701E-01  0.76233E-01  0.76447E-01  0.98181E-01  0.10892E+00  0.11282E+00  0.11545E+00  0.10513E+00  0.74825E-01  0.42638E-01  0.11990E-01 
  0.13100E+03  0.58678E-01  0.76204E-01  0.76417E-01  0.98143E-01  0.10888E+00  0.11277E+00  0.11541E+00  0.10509E+00  0.74795E-01  0.42622E-01  0.11985E-01 
  0.13200E+03  0.58652E-01  0.76170E-01  0.76384E-01  0.98100E-01  0.10883E+00  0.11272E+00  0.11536E+00  0.10504E+00  0.74763E-01  0.42603E-01  0.11980E-01 
  0.13300E+03  0.58624E-01  0.76133E-01  0.76347E-01  0.98053E-01  0.10878E+00  0.11267E+00  0.11530E+00  0.10499E+00  0.74727E-01  0.42582E-01  0.11974E-01 
  0.13400E+03  0.58593E-01  0.76094E-01  0.76307E-01  0.98002E-01  0.10872E+00  0.11261E+00  0.11524E+00  0.10494E+00  0.74688E-01  0.42560E-01  0.11968E-01 
  0.13500E+03  0.58563E-01  0.76054E-01  0.76267E-01  0.97950E-01  0.10867E+00  0.11255E+00  0.11518E+00  0.10488E+00  0.74649E-01  0.42538E-01  0.11961E-01 
  0.13600E+03  0.58533E-01  0.76016E-01  0.76229E-01  0.97901E-01  0.10861E+00  0.11249E+00  0.11512E+00  0.10483E+00  0.74611E-01  0.42516E-01  0.11955E-01 
  0.13700E+03  0.58506E-01  0.75980E-01  0.76193E-01  0.97855E-01  0.10856E+00  0.11244E+00  0.11507E+00  0.10478E+00  0.74576E-01  0.42497E-01  0.11950E-01 
  0.13800E+03  0.58481E-01  0.75947E-01  0.76160E-01  0.97813E-01  0.10851E+00  0.11239E+00  0.11502E+00  0.10473E+00  0.74544E-01  0.42478E-01  0.11945E-01 
  0.13900E+03  0.58457E-01  0.75917E-01  0.76129E-01  0.97773E-01  0.10847E+00  0.11235E+00  0.11497E+00  0.10469E+00  0.74514E-01  0.42461E-01  0.11940E-01 
  0.14000E+03  0.58434E-01  0.75887E-01  0.76099E-01  0.97735E-01  0.10843E+00  0.11230E+00  0.11493E+00  0.10465E+00  0.74484E-01  0.42444E-01  0.11935E-01 
  0.14100E+03  0.58411E-01  0.75857E-01  0.76070E-01  0.97696E-01  0.10838E+00  0.11226E+00  0.11488E+00  0.10461E+00  0.74455E-01  0.42428E-01  0.11930E-01 
  0.14200E+03  0.58388E-01  0.75827E-01  0.76040E-01  0.97658E-01  0.10834E+00  0.11221E+00  0.11484E+00  0.10457E+00  0.74426E-01  0.42411E-01  0.11926E-01 
  0.14300E+03  0.58366E-01  0.75799E-01  0.76012E-01  0.97622E-01  0.10830E+00  0.11217E+00  0.11479E+00  0.10453E+00  0.74398E-01  0.42395E-01  0.11921E-01 
  0.14400E+03  0.58346E-01  0.75773E-01  0.75985E-01  0.97588E-01  0.10826E+00  0.11213E+00  0.11475E+00  0.10449E+00  0.74372E-01  0.42381E-01  0.11917E-01 
  0.14500E+03  0.58327E-01  0.75748E-01  0.75960E-01  0.97556E-01  0.10823E+00  0.11210E+00  0.11472E+00  0.10446E+00  0.74348E-01  0.42367E-01  0.11913E-01 
  0.14600E+03  0.58309E-01  0.75725E-01  0.75937E-01  0.97526E-01  0.10820E+00  0.11206E+00  0.11468E+00  0.10443E+00  0.74325E-01  0.42354E-01  0.11910E-01 
  0.14700E+03  0.58291E-01  0.75702E-01  0.75914E-01  0.97497E-01  0.10816E+00  0.11203E+00  0.11465E+00  0.10440E+00  0.74303E-01  0.42341E-01  0.11906E-01 
  0.14800E+03  0.58274E-01  0.75679E-01  0.75891E-01  0.97467E-01  0.10813E+00  0.11199E+00  0.11461E+00  0.10436E+00  0.74280E-01  0.42328E-01  0.11902E-01 
  0.14900E+03  0.58255E-01  0.75654E-01  0.75866E-01  0.97436E-01  0.10810E+00  0.11196E+00  0.11458E+00  0.10433E+00  0.74256E-01  0.42314E-01  0.11899E-01 
  0.15000E+03  0.58235E-01  0.75629E-01  0.75841E-01  0.97403E-01  0.10806E+00  0.11192E+00  0.11454E+00  0.10430E+00  0.74231E-01  0.42300E-01  0.11895E-01 
  0.15100E+03  0.58215E-01  0.75603E-01  0.75815E-01  0.97369E-01  0.10802E+00  0.11188E+00  0.11450E+00  0.10426E+00  0.74206E-01  0.42285E-01  0.11890E-01 
  0.15200E+03  0.58194E-01  0.75576E-01  0.75788E-01  0.97334E-01  0.10798E+00  0.11184E+00  0.11446E+00  0.10422E+00  0.74179E-01  0.42270E-01  0.11886E-01 
  0.15300E+03  0.58174E-01  0.75549E-01  0.75761E-01  0.97300E-01  0.10795E+00  0.11180E+00  0.11442E+00  0.10419E+00  0.74153E-01  0.42255E-01  0.11882E-01 
  0.15400E+03  0.58153E-01  0.75523E-01  0.75734E-01  0.97266E-01  0.10791E+00  0.11176E+00  0.11438E+00  0.10415E+00  0.74127E-01  0.42241E-01  0.11878E-01 
  0.15500E+03  0.58134E-01  0.75497E-01  0.75709E-01  0.97233E-01  0.10787E+00  0.11173E+00  0.11434E+00  0.10411E+00  0.74102E-01  0.42226E-01  0.11874E-01 
  0.15600E+03  0.58115E-01  0.75473E-01  0.75684E-01  0.97202E-01  0.10784E+00  0.11169E+00  0.11430E+00  0.10408E+00  0.74078E-01  0.42213E-01  0.11870E-01 
  0.15700E+03  0.58097E-01  0.75449E-01  0.75661E-01  0.97172E-01  0.10780E+00  0.11166E+00  0.11427E+00  0.10405E+00  0.74055E-01  0.42200E-01  0.11866E-01 
  0.15800E+03  0.58080E-01  0.75427E-01  0.75639E-01  0.97143E-01  0.10777E+00  0.11162E+00  0.11423E+00  0.10402E+00  0.74033E-01  0.42187E-01  0.11863E-01 
  0.15900E+03  0.58063E-01  0.75405E-01  0.75617E-01  0.97115E-01  0.10774E+00  0.11159E+00  0.11420E+00  0.10399E+00  0.74012E-01  0.42175E-01  0.11859E-01 
  0.16000E+03  0.58047E-01  0.75384E-01  0.75595E-01  0.97087E-01  0.10771E+00  0.11156E+00  0.11417E+00  0.10396E+00  0.73991E-01  0.42163E-01  0.11856E-01 
  0.16100E+03  0.58029E-01  0.75361E-01  0.75573E-01  0.97058E-01  0.10768E+00  0.11152E+00  0.11413E+00  0.10393E+00  0.73969E-01  0.42151E-01  0.11852E-01 
  0.16200E+03  0.58011E-01  0.75338E-01  0.75549E-01  0.97028E-01  0.10764E+00  0.11149E+00  0.11410E+00  0.10389E+00  0.73946E-01  0.42138E-01  0.11849E-01 
  0.16300E+03  0.57993E-01  0.75314E-01  0.75525E-01  0.96997E-01  0.10761E+00  0.11145E+00  0.11406E+00  0.10386E+00  0.73922E-01  0.42124E-01  0.11845E-01 
  0.16400E+03  0.57974E-01  0.75289E-01  0.75500E-01  0.96965E-01  0.10757E+00  0.11142E+00  0.11402E+00  0.10383E+00  0.73898E-01  0.42110E-01  0.11841E-01 
  0.16500E+03  0.57955E-01  0.75265E-01  0.75476E-01  0.96934E-01  0.10754E+00  0.11138E+00  0.11399E+00  0.10379E+00  0.73874E-01  0.42097E-01  0.11837E-01 
  0.16600E+03  0.57937E-01  0.75242E-01  0.75453E-01  0.96905E-01  0.10751E+00  0.11135E+00  0.11395E+00  0.10376E+00  0.73852E-01  0.42084E-01  0.11834E-01 
  0.16700E+03  0.57921E-01  0.75221E-01  0.75432E-01  0.96877E-01  0.10748E+00  0.11132E+00  0.11392E+00  0.10373E+00  0.73831E-01  0.42072E-01  0.11830E-01 
  0.16800E+03  0.57906E-01  0.75201E-01  0.75412E-01  0.96851E-01  0.10745E+00  0.11129E+00  0.11389E+00  0.10371E+00  0.73811E-01  0.42061E-01  0.11827E-01 
  0.16900E+03  0.57891E-01  0.75181E-01  0.75392E-01  0.96826E-01  0.10742E+00  0.11126E+00  0.11386E+00  0.10368E+00  0.73792E-01  0.42050E-01  0.11824E-01 
  0.17000E+03  0.57876E-01  0.75162E-01  0.75373E-01  0.96802E-01  0.10739E+00  0.11123E+00  0.11383E+00  0.10365E+00  0.73773E-01  0.42039E-01  0.11821E-01 
  0.17100E+03  0.57861E-01  0.75143E-01  0.75353E-01  0.96777E-01  0.10736E+00  0.11120E+00  0.11380E+00  0.10363E+00  0.73754E-01  0.42028E-01  0.11818E-01 
  0.17200E+03  0.57846E-01  0.75123E-01  0.75333E-01  0.96751E-01  0.10734E+00  0.11117E+00  0.11377E+00  0.10360E+00  0.73735E-01  0.42017E-01  0.11815E-01 
  0.17300E+03  0.57830E-01  0.75102E-01  0.75313E-01  0.96725E-01  0.10731E+00  0.11114E+00  0.11374E+00  0.10357E+00  0.73715E-01  0.42006E-01  0.11812E-01 
  0.17400E+03  0.57814E-01  0.75082E-01  0.75292E-01  0.96698E-01  0.10728E+00  0.11111E+00  0.11371E+00  0.10354E+00  0.73694E-01  0.41994E-01  0.11809E-01 
  0.17500E+03  0.57799E-01  0.75062E-01  0.75272E-01  0.96672E-01  0.10725E+00  0.11108E+00  0.11368E+00  0.10351E+00  0.73675E-01  0.41983E-01  0.11805E-01 
  0.17600E+03  0.57784E-01  0.75043E-01  0.75253E-01  0.96648E-01  0.10722E+00  0.11105E+00  0.11365E+00  0.10349E+00  0.73656E-01  0.41972E-01  0.11802E-01 
  0.17700E+03  0.57770E-01  0.75025E-01  0.75235E-01  0.96625E-01  0.10720E+00  0.11103E+00  0.11362E+00  0.10346E+00  0.73638E-01  0.41962E-01  0.11799E-01 
  0.17800E+03  0.57757E-01  0.75008E-01  0.75218E-01  0.96602E-01  0.10717E+00  0.11100E+00  0.11360E+00  0.10344E+00  0.73621E-01  0.41953E-01  0.11797E-01 
  0.17900E+03  0.57744E-01  0.74991E-01  0.75201E-01  0.96581E-01  0.10715E+00  0.11098E+00  0.11357E+00  0.10342E+00  0.73605E-01  0.41943E-01  0.11794E-01 
  0.18000E+03  0.57730E-01  0.74973E-01  0.75183E-01  0.96558E-01  0.10712E+00  0.11095E+00  0.11354E+00  0.10339E+00  0.73588E-01  0.41933E-01  0.11791E-01 
  0.18100E+03  0.57716E-01  0.74954E-01  0.75164E-01  0.96533E-01  0.10709E+00  0.11092E+00  0.11351E+00  0.10336E+00  0.73569E-01  0.41923E-01  0.11788E-01 
  0.18200E+03  0.57699E-01  0.74933E-01  0.75143E-01  0.96507E-01  0.10706E+00  0.11089E+00  0.11348E+00  0.10334E+00  0.73548E-01  0.41911E-01  0.11785E-01 
  0.18300E+03  0.57682E-01  0.74911E-01  0.75121E-01  0.96478E-01  0.10703E+00  0.11086E+00  0.11345E+00  0.10331E+00  0.73526E-01  0.41898E-01  0.11782E-01 
  0.18400E+03  0.57664E-01  0.74888E-01  0.75098E-01  0.96448E-01  0.10700E+00  0.11082E+00  0.11341E+00  0.10327E+00  0.73504E-01  0.41886E-01  0.11778E-01 
  0.18500E+03  0.57647E-01  0.74865E-01  0.75074E-01  0.96418E-01  0.10697E+00  0.11079E+00  0.11338E+00  0.10324E+00  0.73481E-01  0.41873E-01  0.11774E-01 
  0.18600E+03  0.57630E-01  0.74842E-01  0.75052E-01  0.96390E-01  0.10694E+00  0.11076E+00  0.11335E+00  0.10321E+00  0.73459E-01  0.41860E-01  0.11771E-01 
  0.18700E+03  0.57613E-01  0.74821E-01  0.75031E-01  0.96362E-01  0.10690E+00  0.11073E+00  0.11331E+00  0.10318E+00  0.73438E-01  0.41848E-01  0.11767E-01 
  0.18800E+03  0.57597E-01  0.74801E-01  0.75010E-01  0.96336E-01  0.10688E+00  0.11070E+00  0.11328E+00  0.10315E+00  0.73418E-01  0.41837E-01  0.11764E-01 
  0.18900E+03  0.57582E-01  0.74780E-01  0.74990E-01  0.96310E-01  0.10685E+00  0.11067E+00  0.11325E+00  0.10313E+00  0.73399E-01  0.41826E-01  0.11761E-01 
  0.19000E+03  0.57566E-01  0.74760E-01  0.74969E-01  0.96283E-01  0.10682E+00  0.11063E+00  0.11322E+00  0.10310E+00  0.73378E-01  0.41814E-01  0.11758E-01 
  0.19100E+03  0.57549E-01  0.74737E-01  0.74947E-01  0.96255E-01  0.10679E+00  0.11060E+00  0.11319E+00  0.10307E+00  0.73356E-01  0.41802E-01  0.11754E-01 
  0.19200E+03  0.57530E-01  0.74713E-01  0.74923E-01  0.96223E-01  0.10675E+00  0.11057E+00  0.11315E+00  0.10303E+00  0.73332E-01  0.41788E-01  0.11750E-01 
  0.19300E+03  0.57509E-01  0.74686E-01  0.74895E-01  0.96188E-01  0.10671E+00  0.11053E+00  0.11311E+00  0.10300E+00  0.73306E-01  0.41773E-01  0.11746E-01 
  0.19400E+03  0.57486E-01  0.74656E-01  0.74866E-01  0.96150E-01  0.10667E+00  0.11048E+00  0.11306E+00  0.10295E+00  0.73277E-01  0.41756E-01  0.11742E-01 
  0.19500E+03  0.57462E-01  0.74625E-01  0.74834E-01  0.96109E-01  0.10662E+00  0.11043E+00  0.11302E+00  0.10291E+00  0.73246E-01  0.41738E-01  0.11737E-01 
  0.19600E+03  0.57437E-01  0.74592E-01  0.74801E-01  0.96067E-01  0.10658E+00  0.11039E+00  0.11297E+00  0.10287E+00  0.73214E-01  0.41720E-01  0.11731E-01 
  0.19700E+03  0.57413E-01  0.74560E-01  0.74769E-01  0.96027E-01  0.10653E+00  0.11034E+00  0.11292E+00  0.10282E+00  0.73182E-01  0.41703E-01  0.11726E-01 
  0.19800E+03  0.57390E-01  0.74531E-01  0.74740E-01  0.95988E-01  0.10649E+00  0.11030E+00  0.11287E+00  0.10278E+00  0.73153E-01  0.41686E-01  0.11722E-01 
  0.19900E+03  0.57369E-01  0.74504E-01  0.74713E-01  0.95954E-01  0.10645E+00  0.11026E+00  0.11283E+00  0.10274E+00  0.73127E-01  0.41671E-01  0.11718E-01 
  0.20000E+03  0.57351E-01  0.74480E-01  0.74689E-01  0.95923E-01  0.10642E+00  0.11022E+00  0.11280E+00  0.10271E+00  0.73103E-01  0.41657E-01  0.11714E-01 
  0.20100E+03  0.57333E-01  0.74457E-01  0.74665E-01  0.95893E-01  0.10638E+00  0.11019E+00  0.11276E+00  0.10268E+00  0.73081E-01  0.41645E-01  0.11710E-01 
  0.20200E+03  0.57314E-01  0.74433E-01  0.74642E-01  0.95863E-01  0.10635E+00  0.11015E+00  0.11273E+00  0.10265E+00  0.73058E-01  0.41631E-01  0.11706E-01 
  0.20300E+03  0.57295E-01  0.74407E-01  0.74616E-01  0.95830E-01  0.10631E+00  0.11011E+00  0.11269E+00  0.10261E+00  0.73032E-01  0.41617E-01  0.11702E-01 
  0.20400E+03  0.57273E-01  0.74379E-01  0.74588E-01  0.95793E-01  0.10627E+00  0.11007E+00  0.11264E+00  0.10257E+00  0.73005E-01  0.41601E-01  0.11698E-01 
  0.20500E+03  0.57249E-01  0.74348E-01  0.74556E-01  0.95753E-01  0.10623E+00  0.11003E+00  0.11260E+00  0.10253E+00  0.72974E-01  0.41584E-01  0.11693E-01 
  0.20600E+03  0.57223E-01  0.74314E-01  0.74522E-01  0.95709E-01  0.10618E+00  0.10997E+00  0.11255E+00  0.10248E+00  0.72941E-01  0.41565E-01  0.11688E-01 
  0.20700E+03  0.57195E-01  0.74278E-01  0.74487E-01  0.95663E-01  0.10613E+00  0.10992E+00  0.11249E+00  0.10243E+00  0.72906E-01  0.41545E-01  0.11682E-01 
  0.20800E+03  0.57167E-01  0.74242E-01  0.74450E-01  0.95617E-01  0.10608E+00  0.10987E+00  0.11244E+00  0.10238E+00  0.72870E-01  0.41524E-01  0.11676E-01 
  0.20900E+03  0.57140E-01  0.74206E-01  0.74414E-01  0.95570E-01  0.10603E+00  0.10982E+00  0.11238E+00  0.10233E+00  0.72835E-01  0.41504E-01  0.11671E-01 
  0.21000E+03  0.57112E-01  0.74170E-01  0.74378E-01  0.95524E-01  0.10598E+00  0.10976E+00  0.11233E+00  0.10228E+00  0.72800E-01  0.41484E-01  0.11665E-01 
  0.21100E+03  0.57085E-01  0.74135E-01  0.74343E-01  0.95478E-01  0.10592E+00  0.10971E+00  0.11227E+00  0.10224E+00  0.72765E-01  0.41465E-01  0.11660E-01 
  0.21200E+03  0.57057E-01  0.74099E-01  0.74307E-01  0.95432E-01  0.10587E+00  0.10966E+00  0.11222E+00  0.10219E+00  0.72730E-01  0.41444E-01  0.11654E-01 
  0.21300E+03  0.57028E-01  0.74062E-01  0.74269E-01  0.95384E-01  0.10582E+00  0.10960E+00  0.11216E+00  0.10213E+00  0.72693E-01  0.41424E-01  0.11648E-01 
  0.21400E+03  0.56998E-01  0.74023E-01  0.74230E-01  0.95334E-01  0.10576E+00  0.10954E+00  0.11210E+00  0.10208E+00  0.72655E-01  0.41402E-01  0.11642E-01 
  0.21500E+03  0.56967E-01  0.73981E-01  0.74189E-01  0.95281E-01  0.10571E+00  0.10948E+00  0.11204E+00  0.10202E+00  0.72614E-01  0.41379E-01  0.11635E-01 
  0.21600E+03  0.56933E-01  0.73938E-01  0.74145E-01  0.95224E-01  0.10564E+00  0.10942E+00  0.11198E+00  0.10196E+00  0.72571E-01  0.41354E-01  0.11629E-01 
  0.21700E+03  0.56897E-01  0.73891E-01  0.74098E-01  0.95164E-01  0.10558E+00  0.10935E+00  0.11190E+00  0.10190E+00  0.72525E-01  0.41328E-01  0.11621E-01 
  0.21800E+03  0.56858E-01  0.73840E-01  0.74047E-01  0.95099E-01  0.10550E+00  0.10927E+00  0.11183E+00  0.10183E+00  0.72476E-01  0.41300E-01  0.11613E-01 
  0.21900E+03  0.56817E-01  0.73787E-01  0.73994E-01  0.95030E-01  0.10543E+00  0.10919E+00  0.11175E+00  0.10176E+00  0.72423E-01  0.41270E-01  0.11605E-01 
  0.22000E+03  0.56774E-01  0.73731E-01  0.73938E-01  0.94958E-01  0.10535E+00  0.10911E+00  0.11166E+00  0.10168E+00  0.72368E-01  0.41239E-01  0.11596E-01 
  0.22100E+03  0.56730E-01  0.73674E-01  0.73881E-01  0.94885E-01  0.10527E+00  0.10903E+00  0.11158E+00  0.10160E+00  0.72313E-01  0.41207E-01  0.11587E-01 
  0.22200E+03  0.56688E-01  0.73619E-01  0.73825E-01  0.94814E-01  0.10519E+00  0.10895E+00  0.11149E+00  0.10152E+00  0.72258E-01  0.41176E-01  0.11578E-01 
  0.22300E+03  0.56647E-01  0.73566E-01  0.73772E-01  0.94746E-01  0.10511E+00  0.10887E+00  0.11141E+00  0.10145E+00  0.72206E-01  0.41146E-01  0.11570E-01 
  0.22400E+03  0.56607E-01  0.73515E-01  0.73721E-01  0.94680E-01  0.10504E+00  0.10879E+00  0.11134E+00  0.10138E+00  0.72156E-01  0.41118E-01  0.11562E-01 
  0.22500E+03  0.56569E-01  0.73465E-01  0.73671E-01  0.94616E-01  0.10497E+00  0.10872E+00  0.11126E+00  0.10131E+00  0.72107E-01  0.41090E-01  0.11554E-01 
  0.22600E+03  0.56531E-01  0.73416E-01  0.73621E-01  0.94552E-01  0.10490E+00  0.10865E+00  0.11118E+00  0.10124E+00  0.72059E-01  0.41062E-01  0.11546E-01 
  0.22700E+03  0.56492E-01  0.73365E-01  0.73571E-01  0.94487E-01  0.10482E+00  0.10857E+00  0.11111E+00  0.10117E+00  0.72009E-01  0.41034E-01  0.11538E-01 
  0.22800E+03  0.56452E-01  0.73312E-01  0.73518E-01  0.94419E-01  0.10475E+00  0.10849E+00  0.11103E+00  0.10110E+00  0.71958E-01  0.41005E-01  0.11530E-01 
  0.22900E+03  0.56408E-01  0.73255E-01  0.73461E-01  0.94346E-01  0.10467E+00  0.10841E+00  0.11094E+00  0.10102E+00  0.71902E-01  0.40973E-01  0.11521E-01 
  0.23000E+03  0.56359E-01  0.73192E-01  0.73397E-01  0.94264E-01  0.10458E+00  0.10831E+00  0.11085E+00  0.10093E+00  0.71839E-01  0.40937E-01  0.11511E-01 
  0.23100E+03  0.56303E-01  0.73119E-01  0.73324E-01  0.94171E-01  0.10447E+00  0.10821E+00  0.11074E+00  0.10084E+00  0.71768E-01  0.40897E-01  0.11500E-01 
  0.23200E+03  0.56241E-01  0.73039E-01  0.73243E-01  0.94067E-01  0.10436E+00  0.10809E+00  0.11061E+00  0.10072E+00  0.71689E-01  0.40851E-01  0.11487E-01 
  0.23300E+03  0.56173E-01  0.72950E-01  0.73155E-01  0.93953E-01  0.10423E+00  0.10796E+00  0.11048E+00  0.10060E+00  0.71602E-01  0.40802E-01  0.11473E-01 
  0.23400E+03  0.56100E-01  0.72856E-01  0.73061E-01  0.93832E-01  0.10410E+00  0.10782E+00  0.11034E+00  0.10047E+00  0.71510E-01  0.40749E-01  0.11458E-01 
  0.23500E+03  0.56025E-01  0.72759E-01  0.72963E-01  0.93707E-01  0.10396E+00  0.10767E+00  0.11019E+00  0.10034E+00  0.71414E-01  0.40695E-01  0.11443E-01 
  0.23600E+03  0.55949E-01  0.72659E-01  0.72863E-01  0.93578E-01  0.10382E+00  0.10753E+00  0.11004E+00  0.10020E+00  0.71317E-01  0.40639E-01  0.11428E-01 
  0.23700E+03  0.55870E-01  0.72557E-01  0.72761E-01  0.93447E-01  0.10367E+00  0.10738E+00  0.10989E+00  0.10006E+00  0.71216E-01  0.40582E-01  0.11411E-01 
  0.23800E+03  0.55788E-01  0.72451E-01  0.72654E-01  0.93310E-01  0.10352E+00  0.10722E+00  0.10972E+00  0.99913E-01  0.71112E-01  0.40523E-01  0.11395E-01 
  0.23900E+03  0.55702E-01  0.72339E-01  0.72541E-01  0.93165E-01  0.10336E+00  0.10705E+00  0.10955E+00  0.99758E-01  0.71002E-01  0.40460E-01  0.11377E-01 
  0.24000E+03  0.55610E-01  0.72219E-01  0.72422E-01  0.93012E-01  0.10319E+00  0.10688E+00  0.10937E+00  0.99594E-01  0.70885E-01  0.40393E-01  0.11358E-01 
  0.24100E+03  0.55514E-01  0.72095E-01  0.72297E-01  0.92851E-01  0.10301E+00  0.10669E+00  0.10919E+00  0.99422E-01  0.70763E-01  0.40324E-01  0.11339E-01 
  0.24200E+03  0.55417E-01  0.71968E-01  0.72170E-01  0.92688E-01  0.10283E+00  0.10650E+00  0.10899E+00  0.99247E-01  0.70638E-01  0.40253E-01  0.11319E-01 
  0.24300E+03  0.55319E-01  0.71841E-01  0.72043E-01  0.92525E-01  0.10265E+00  0.10632E+00  0.10880E+00  0.99073E-01  0.70514E-01  0.40182E-01  0.11299E-01 
  0.24400E+03  0.55222E-01  0.71715E-01  0.71916E-01  0.92362E-01  0.10247E+00  0.10613E+00  0.10861E+00  0.98899E-01  0.70390E-01  0.40111E-01  0.11279E-01 
  0.24500E+03  0.55123E-01  0.71587E-01  0.71788E-01  0.92197E-01  0.10228E+00  0.10594E+00  0.10842E+00  0.98722E-01  0.70264E-01  0.40040E-01  0.11259E-01 
  0.24600E+03  0.55019E-01  0.71452E-01  0.71653E-01  0.92024E-01  0.10209E+00  0.10574E+00  0.10821E+00  0.98536E-01  0.70132E-01  0.39964E-01  0.11238E-01 
  0.24700E+03  0.54906E-01  0.71306E-01  0.71506E-01  0.91835E-01  0.10188E+00  0.10552E+00  0.10799E+00  0.98334E-01  0.69988E-01  0.39882E-01  0.11215E-01 
  0.24800E+03  0.54781E-01  0.71143E-01  0.71343E-01  0.91626E-01  0.10165E+00  0.10528E+00  0.10774E+00  0.98110E-01  0.69829E-01  0.39791E-01  0.11189E-01 
  0.24900E+03  0.54644E-01  0.70965E-01  0.71164E-01  0.91396E-01  0.10140E+00  0.10502E+00  0.10747E+00  0.97864E-01  0.69654E-01  0.39692E-01  0.11161E-01 
  0.25000E+03  0.54496E-01  0.70773E-01  0.70971E-01  0.91149E-01  0.10112E+00  0.10473E+00  0.10718E+00  0.97599E-01  0.69465E-01  0.39584E-01  0.11131E-01 
  0.25100E+03  0.54341E-01  0.70571E-01  0.70769E-01  0.90889E-01  0.10083E+00  0.10444E+00  0.10688E+00  0.97321E-01  0.69267E-01  0.39471E-01  0.11099E-01 
  0.25200E+03  0.54182E-01  0.70365E-01  0.70562E-01  0.90623E-01  0.10054E+00  0.10413E+00  0.10656E+00  0.97036E-01  0.69064E-01  0.39356E-01  0.11067E-01 
  0.25300E+03  0.54022E-01  0.70157E-01  0.70354E-01  0.90356E-01  0.10024E+00  0.10382E+00  0.10625E+00  0.96750E-01  0.68861E-01  0.39240E-01  0.11034E-01 
  0.25400E+03  0.53864E-01  0.69952E-01  0.70148E-01  0.90091E-01  0.99948E-01  0.10352E+00  0.10594E+00  0.96467E-01  0.68659E-01  0.39125E-01  0.11002E-01 
  0.25500E+03  0.53710E-01  0.69752E-01  0.69948E-01  0.89835E-01  0.99663E-01  0.10322E+00  0.10564E+00  0.96192E-01  0.68464E-01  0.39013E-01  0.10970E-01 
  0.25600E+03  0.53563E-01  0.69561E-01  0.69756E-01  0.89587E-01  0.99389E-01  0.10294E+00  0.10535E+00  0.95927E-01  0.68275E-01  0.38906E-01  0.10940E-01 
  0.25700E+03  0.53419E-01  0.69375E-01  0.69569E-01  0.89348E-01  0.99123E-01  0.10267E+00  0.10507E+00  0.95671E-01  0.68093E-01  0.38802E-01  0.10911E-01 
  0.25800E+03  0.53279E-01  0.69192E-01  0.69386E-01  0.89112E-01  0.98862E-01  0.10239E+00  0.10479E+00  0.95419E-01  0.67913E-01  0.38700E-01  0.10882E-01 
  0.25900E+03  0.53138E-01  0.69010E-01  0.69203E-01  0.88878E-01  0.98601E-01  0.10213E+00  0.10451E+00  0.95167E-01  0.67734E-01  0.38598E-01  0.10853E-01 
  0.26000E+03  0.52999E-01  0.68829E-01  0.69022E-01  0.88645E-01  0.98343E-01  0.10186E+00  0.10424E+00  0.94918E-01  0.67557E-01  0.38497E-01  0.10825E-01 
  0.26100E+03  0.52863E-01  0.68652E-01  0.68845E-01  0.88417E-01  0.98091E-01  0.10160E+00  0.10397E+00  0.94674E-01  0.67383E-01  0.38398E-01  0.10797E-01 
  0.26200E+03  0.52733E-01  0.68484E-01  0.68676E-01  0.88200E-01  0.97850E-01  0.10135E+00  0.10372E+00  0.94442E-01  0.67218E-01  0.38304E-01  0.10771E-01 
  0.26300E+03  0.52611E-01  0.68325E-01  0.68516E-01  0.87996E-01  0.97623E-01  0.10111E+00  0.10348E+00  0.94223E-01  0.67062E-01  0.38215E-01  0.10746E-01 
  0.26400E+03  0.52494E-01  0.68173E-01  0.68365E-01  0.87801E-01  0.97407E-01  0.10089E+00  0.10325E+00  0.94014E-01  0.66914E-01  0.38130E-01  0.10722E-01 
  0.26500E+03  0.52381E-01  0.68026E-01  0.68217E-01  0.87611E-01  0.97196E-01  0.10067E+00  0.10302E+00  0.93811E-01  0.66769E-01  0.38048E-01  0.10699E-01 
  0.26600E+03  0.52268E-01  0.67879E-01  0.68070E-01  0.87422E-01  0.96987E-01  0.10045E+00  0.10280E+00  0.93609E-01  0.66625E-01  0.37966E-01  0.10676E-01 
  0.26700E+03  0.52154E-01  0.67731E-01  0.67921E-01  0.87231E-01  0.96775E-01  0.10023E+00  0.10258E+00  0.93404E-01  0.66479E-01  0.37883E-01  0.10652E-01 
  0.26800E+03  0.52039E-01  0.67582E-01  0.67771E-01  0.87038E-01  0.96561E-01  0.10001E+00  0.10235E+00  0.93198E-01  0.66333E-01  0.37799E-01  0.10629E-01 
  0.26900E+03  0.51925E-01  0.67434E-01  0.67623E-01  0.86849E-01  0.96350E-01  0.99794E-01  0.10213E+00  0.92995E-01  0.66188E-01  0.37717E-01  0.10606E-01 
  0.27000E+03  0.51816E-01  0.67292E-01  0.67481E-01  0.86666E-01  0.96148E-01  0.99584E-01  0.10191E+00  0.92799E-01  0.66049E-01  0.37637E-01  0.10583E-01 
  0.27100E+03  0.51713E-01  0.67159E-01  0.67347E-01  0.86494E-01  0.95957E-01  0.99386E-01  0.10171E+00  0.92615E-01  0.65918E-01  0.37563E-01  0.10562E-01 
  0.27200E+03  0.51618E-01  0.67035E-01  0.67223E-01  0.86335E-01  0.95780E-01  0.99203E-01  0.10152E+00  0.92445E-01  0.65796E-01  0.37494E-01  0.10543E-01 
  0.27300E+03  0.51530E-01  0.66920E-01  0.67108E-01  0.86187E-01  0.95617E-01  0.99034E-01  0.10135E+00  0.92286E-01  0.65684E-01  0.37429E-01  0.10525E-01 
  0.27400E+03  0.51446E-01  0.66812E-01  0.66999E-01  0.86047E-01  0.95462E-01  0.98873E-01  0.10118E+00  0.92137E-01  0.65577E-01  0.37369E-01  0.10508E-01 
  0.27500E+03  0.51364E-01  0.66706E-01  0.66893E-01  0.85911E-01  0.95310E-01  0.98716E-01  0.10102E+00  0.91990E-01  0.65473E-01  0.37309E-01  0.10491E-01 
  0.27600E+03  0.51281E-01  0.66597E-01  0.66784E-01  0.85770E-01  0.95154E-01  0.98555E-01  0.10086E+00  0.91840E-01  0.65366E-01  0.37248E-01  0.10474E-01 
  0.27700E+03  0.51192E-01  0.66482E-01  0.66669E-01  0.85623E-01  0.94990E-01  0.98385E-01  0.10068E+00  0.91682E-01  0.65254E-01  0.37184E-01  0.10456E-01 
  0.27800E+03  0.51099E-01  0.66361E-01  0.66547E-01  0.85467E-01  0.94817E-01  0.98206E-01  0.10050E+00  0.91515E-01  0.65135E-01  0.37117E-01  0.10437E-01 
  0.27900E+03  0.51002E-01  0.66236E-01  0.66421E-01  0.85305E-01  0.94638E-01  0.98020E-01  0.10031E+00  0.91342E-01  0.65012E-01  0.37046E-01  0.10417E-01 
  0.28000E+03  0.50905E-01  0.66109E-01  0.66295E-01  0.85142E-01  0.94457E-01  0.97833E-01  0.10012E+00  0.91168E-01  0.64888E-01  0.36976E-01  0.10397E-01 
  0.28100E+03  0.50809E-01  0.65985E-01  0.66170E-01  0.84982E-01  0.94280E-01  0.97649E-01  0.99932E-01  0.90996E-01  0.64766E-01  0.36906E-01  0.10378E-01 
  0.28200E+03  0.50716E-01  0.65864E-01  0.66049E-01  0.84827E-01  0.94107E-01  0.97470E-01  0.99749E-01  0.90830E-01  0.64647E-01  0.36839E-01  0.10359E-01 
  0.28300E+03  0.50625E-01  0.65746E-01  0.65930E-01  0.84675E-01  0.93939E-01  0.97296E-01  0.99570E-01  0.90667E-01  0.64531E-01  0.36773E-01  0.10340E-01 
  0.28400E+03  0.50535E-01  0.65629E-01  0.65813E-01  0.84524E-01  0.93771E-01  0.97122E-01  0.99392E-01  0.90505E-01  0.64416E-01  0.36707E-01  0.10322E-01 
  0.28500E+03  0.50445E-01  0.65511E-01  0.65695E-01  0.84372E-01  0.93603E-01  0.96948E-01  0.99214E-01  0.90343E-01  0.64301E-01  0.36641E-01  0.10303E-01 
  0.28600E+03  0.50353E-01  0.65393E-01  0.65576E-01  0.84220E-01  0.93434E-01  0.96773E-01  0.99035E-01  0.90180E-01  0.64184E-01  0.36575E-01  0.10285E-01 
  0.28700E+03  0.50262E-01  0.65275E-01  0.65458E-01  0.84068E-01  0.93265E-01  0.96598E-01  0.98856E-01  0.90017E-01  0.64068E-01  0.36509E-01  0.10266E-01 
  0.28800E+03  0.50172E-01  0.65157E-01  0.65340E-01  0.83916E-01  0.93097E-01  0.96424E-01  0.98678E-01  0.89855E-01  0.63953E-01  0.36443E-01  0.10248E-01 
  0.28900E+03  0.50081E-01  0.65039E-01  0.65221E-01  0.83764E-01  0.92928E-01  0.96249E-01  0.98499E-01  0.89692E-01  0.63837E-01  0.36377E-01  0.10229E-01 
  0.29000E+03  0.49988E-01  0.64918E-01  0.65100E-01  0.83609E-01  0.92756E-01  0.96071E-01  0.98316E-01  0.89526E-01  0.63719E-01  0.36310E-01  0.10210E-01 
  0.29100E+03  0.49892E-01  0.64793E-01  0.64975E-01  0.83448E-01  0.92577E-01  0.95886E-01  0.98127E-01  0.89353E-01  0.63596E-01  0.36240E-01  0.10190E-01 
  0.29200E+03  0.49791E-01  0.64663E-01  0.64844E-01  0.83279E-01  0.92391E-01  0.95692E-01  0.97929E-01  0.89173E-01  0.63468E-01  0.36167E-01  0.10170E-01 
  0.29300E+03  0.49685E-01  0.64525E-01  0.64706E-01  0.83102E-01  0.92194E-01  0.95489E-01  0.97721E-01  0.88983E-01  0.63333E-01  0.36090E-01  0.10148E-01 
  0.29400E+03  0.49575E-01  0.64381E-01  0.64562E-01  0.82917E-01  0.91989E-01  0.95276E-01  0.97503E-01  0.88785E-01  0.63192E-01  0.36009E-01  0.10126E-01 
  0.29500E+03  0.49460E-01  0.64233E-01  0.64413E-01  0.82725E-01  0.91776E-01  0.95056E-01  0.97278E-01  0.88580E-01  0.63046E-01  0.35926E-01  0.10102E-01 
  0.29600E+03  0.49344E-01  0.64082E-01  0.64262E-01  0.82532E-01  0.91562E-01  0.94834E-01  0.97050E-01  0.88373E-01  0.62898E-01  0.35842E-01  0.10079E-01 
  0.29700E+03  0.49232E-01  0.63936E-01  0.64115E-01  0.82343E-01  0.91352E-01  0.94617E-01  0.96828E-01  0.88171E-01  0.62754E-01  0.35760E-01  0.10056E-01 
  0.29800E+03  0.49125E-01  0.63797E-01  0.63976E-01  0.82165E-01  0.91154E-01  0.94412E-01  0.96619E-01  0.87980E-01  0.62618E-01  0.35683E-01  0.10034E-01 
  0.29900E+03  0.49026E-01  0.63669E-01  0.63848E-01  0.82000E-01  0.90971E-01  0.94222E-01  0.96425E-01  0.87803E-01  0.62493E-01  0.35611E-01  0.10014E-01 
  0.30000E+03  0.48936E-01  0.63552E-01  0.63730E-01  0.81849E-01  0.90803E-01  0.94049E-01  0.96247E-01  0.87641E-01  0.62378E-01  0.35545E-01  0.99951E-02 
  0.30100E+03  0.48852E-01  0.63443E-01  0.63621E-01  0.81708E-01  0.90648E-01  0.93887E-01  0.96082E-01  0.87491E-01  0.62270E-01  0.35484E-01  0.99780E-02 
  0.30200E+03  0.48772E-01  0.63339E-01  0.63517E-01  0.81575E-01  0.90499E-01  0.93734E-01  0.95925E-01  0.87348E-01  0.62169E-01  0.35426E-01  0.99617E-02 
  0.30300E+03  0.48693E-01  0.63237E-01  0.63414E-01  0.81443E-01  0.90354E-01  0.93583E-01  0.95770E-01  0.87207E-01  0.62068E-01  0.35369E-01  0.99456E-02 
  0.30400E+03  0.48613E-01  0.63133E-01  0.63310E-01  0.81309E-01  0.90205E-01  0.93428E-01  0.95612E-01  0.87063E-01  0.61966E-01  0.35311E-01  0.99292E-02 
  0.30500E+03  0.48529E-01  0.63023E-01  0.63200E-01  0.81168E-01  0.90048E-01  0.93266E-01  0.95447E-01  0.86912E-01  0.61859E-01  0.35250E-01  0.99120E-02 
  0.30600E+03  0.48439E-01  0.62907E-01  0.63083E-01  0.81018E-01  0.89882E-01  0.93094E-01  0.95270E-01  0.86751E-01  0.61744E-01  0.35184E-01  0.98936E-02 
  0.30700E+03  0.48343E-01  0.62782E-01  0.62958E-01  0.80857E-01  0.89703E-01  0.92909E-01  0.95080E-01  0.86579E-01  0.61622E-01  0.35114E-01  0.98738E-02 
  0.30800E+03  0.48240E-01  0.62648E-01  0.62823E-01  0.80684E-01  0.89511E-01  0.92710E-01  0.94877E-01  0.86394E-01  0.61490E-01  0.31705E-01  0.86952E-02 
  0.30900E+03  0.48130E-01  0.62506E-01  0.62681E-01  0.80501E-01  0.89308E-01  0.92500E-01  0.94662E-01  0.86198E-01  0.61350E-01  0.28623E-01  0.76561E-02 
  0.31000E+03  0.48015E-01  0.62355E-01  0.62530E-01  0.80308E-01  0.89094E-01  0.92278E-01  0.94435E-01  0.85991E-01  0.61203E-01  0.25837E-01  0.67402E-02 
  0.31100E+03  0.47894E-01  0.62198E-01  0.62373E-01  0.80106E-01  0.88870E-01  0.92046E-01  0.94197E-01  0.85775E-01  0.61049E-01  0.23319E-01  0.59332E-02 
  0.31200E+03  0.47769E-01  0.62036E-01  0.62210E-01  0.79897E-01  0.88638E-01  0.91806E-01  0.93951E-01  0.85551E-01  0.60890E-01  0.21045E-01  0.52222E-02 
  0.31300E+03  0.47642E-01  0.61871E-01  0.62045E-01  0.79684E-01  0.88402E-01  0.91562E-01  0.93702E-01  0.85324E-01  0.60728E-01  0.18991E-01  0.45963E-02 
  0.31400E+03  0.47515E-01  0.61707E-01  0.61880E-01  0.79473E-01  0.88167E-01  0.91318E-01  0.93453E-01  0.85097E-01  0.60567E-01  0.17138E-01  0.40453E-02 
  0.31500E+03  0.47391E-01  0.61546E-01  0.61718E-01  0.79265E-01  0.87937E-01  0.91080E-01  0.93209E-01  0.84875E-01  0.60408E-01  0.15467E-01  0.35606E-02 
  0.31600E+03  0.47271E-01  0.61390E-01  0.61562E-01  0.79064E-01  0.87714E-01  0.90849E-01  0.92972E-01  0.84659E-01  0.60255E-01  0.13959E-01  0.31342E-02 
  0.31700E+03  0.47155E-01  0.61239E-01  0.61411E-01  0.78870E-01  0.87499E-01  0.90626E-01  0.92744E-01  0.84451E-01  0.60107E-01  0.12600E-01  0.27591E-02 
  0.31800E+03  0.47042E-01  0.61093E-01  0.61264E-01  0.78681E-01  0.87290E-01  0.90409E-01  0.92522E-01  0.84250E-01  0.59964E-01  0.11373E-01  0.24290E-02 
  0.31900E+03  0.46931E-01  0.60949E-01  0.61120E-01  0.78496E-01  0.87084E-01  0.90196E-01  0.92304E-01  0.84051E-01  0.59822E-01  0.10267E-01  0.21385E-02 
  0.32000E+03  0.46820E-01  0.60804E-01  0.60975E-01  0.78310E-01  0.86878E-01  0.89982E-01  0.92086E-01  0.83852E-01  0.59681E-01  0.92675E-02  0.18827E-02 
  0.32100E+03  0.46707E-01  0.60657E-01  0.60827E-01  0.78120E-01  0.86667E-01  0.89764E-01  0.91862E-01  0.83649E-01  0.59536E-01  0.83652E-02  0.16574E-02 
  0.32200E+03  0.46589E-01  0.60504E-01  0.60674E-01  0.77924E-01  0.86449E-01  0.89539E-01  0.91632E-01  0.83438E-01  0.59386E-01  0.75500E-02  0.14589E-02 
  0.32300E+03  0.46468E-01  0.60348E-01  0.60517E-01  0.77722E-01  0.86225E-01  0.89306E-01  0.91394E-01  0.83222E-01  0.59232E-01  0.68138E-02  0.12841E-02 
  0.32400E+03  0.46345E-01  0.60188E-01  0.60356E-01  0.77516E-01  0.85996E-01  0.89070E-01  0.91152E-01  0.83001E-01  0.59075E-01  0.61489E-02  0.11302E-02 
  0.32500E+03  0.46220E-01  0.60025E-01  0.60194E-01  0.77307E-01  0.85765E-01  0.88830E-01  0.90906E-01  0.82778E-01  0.58916E-01  0.55487E-02  0.99468E-03 
  0.32600E+03  0.46093E-01  0.59859E-01  0.60027E-01  0.77093E-01  0.85528E-01  0.88584E-01  0.90655E-01  0.82549E-01  0.58753E-01  0.50067E-02  0.87535E-03 
  0.32700E+03  0.45960E-01  0.59687E-01  0.59854E-01  0.76871E-01  0.85281E-01  0.88329E-01  0.90394E-01  0.82311E-01  0.58584E-01  0.45172E-02  0.77025E-03 
  0.32800E+03  0.45820E-01  0.59506E-01  0.59673E-01  0.76638E-01  0.85023E-01  0.88061E-01  0.90120E-01  0.82062E-01  0.58406E-01  0.40749E-02  0.67767E-03 
  0.32900E+03  0.45676E-01  0.59318E-01  0.59484E-01  0.76396E-01  0.84754E-01  0.87783E-01  0.89835E-01  0.81802E-01  0.58222E-01  0.36755E-02  0.59614E-03 
  0.33000E+03  0.45529E-01  0.59127E-01  0.59293E-01  0.76150E-01  0.84482E-01  0.87501E-01  0.89546E-01  0.81539E-01  0.58035E-01  0.33150E-02  0.52439E-03 
  0.33100E+03  0.45385E-01  0.58941E-01  0.59106E-01  0.75910E-01  0.84216E-01  0.87225E-01  0.89264E-01  0.81283E-01  0.57852E-01  0.29901E-02  0.46132E-03 
  0.33200E+03  0.45249E-01  0.58764E-01  0.58929E-01  0.75683E-01  0.83963E-01  0.86963E-01  0.88996E-01  0.81039E-01  0.57678E-01  0.26975E-02  0.40590E-03 
  0.33300E+03  0.45122E-01  0.58598E-01  0.58763E-01  0.75469E-01  0.83726E-01  0.86718E-01  0.88745E-01  0.80810E-01  0.57516E-01  0.24339E-02  0.35720E-03 
  0.33400E+03  0.45000E-01  0.58441E-01  0.58605E-01  0.75266E-01  0.83501E-01  0.86485E-01  0.88507E-01  0.80593E-01  0.57361E-01  0.21964E-02  0.31438E-03 
  0.33500E+03  0.44882E-01  0.58287E-01  0.58451E-01  0.75068E-01  0.83281E-01  0.86257E-01  0.88274E-01  0.80381E-01  0.57210E-01  0.19822E-02  0.27671E-03 
  0.33600E+03  0.44762E-01  0.58132E-01  0.58295E-01  0.74868E-01  0.83059E-01  0.86028E-01  0.88038E-01  0.80167E-01  0.57058E-01  0.17888E-02  0.24354E-03 
  0.33700E+03  0.44638E-01  0.57970E-01  0.58133E-01  0.74660E-01  0.82828E-01  0.85788E-01  0.87793E-01  0.79943E-01  0.56898E-01  0.16143E-02  0.21438E-03 
  0.33800E+03  0.44505E-01  0.57798E-01  0.57960E-01  0.74438E-01  0.82582E-01  0.85533E-01  0.87532E-01  0.79706E-01  0.52194E-01  0.14563E-02  0.18863E-03 
  0.33900E+03  0.44364E-01  0.57614E-01  0.57776E-01  0.74202E-01  0.82320E-01  0.85262E-01  0.87255E-01  0.79453E-01  0.47868E-01  0.13136E-02  0.16593E-03 
  0.34000E+03  0.44215E-01  0.57421E-01  0.57582E-01  0.73953E-01  0.82044E-01  0.84976E-01  0.86962E-01  0.79187E-01  0.43893E-01  0.11846E-02  0.14594E-03 
  0.34100E+03  0.44061E-01  0.57221E-01  0.57382E-01  0.73696E-01  0.81758E-01  0.84680E-01  0.86659E-01  0.78911E-01  0.40243E-01  0.10681E-02  0.12834E-03 
  0.34200E+03  0.43905E-01  0.57019E-01  0.57179E-01  0.73435E-01  0.81469E-01  0.84380E-01  0.86353E-01  0.78632E-01  0.36894E-01  0.96302E-03  0.11286E-03 
  0.34300E+03  0.43750E-01  0.56818E-01  0.56977E-01  0.73176E-01  0.81181E-01  0.84083E-01  0.86048E-01  0.78354E-01  0.33824E-01  0.86829E-03  0.99244E-04 
  0.34400E+03  0.43598E-01  0.56620E-01  0.56779E-01  0.72921E-01  0.80899E-01  0.83790E-01  0.85749E-01  0.78081E-01  0.31011E-01  0.78292E-03  0.87276E-04 
  0.34500E+03  0.43448E-01  0.56425E-01  0.56583E-01  0.72670E-01  0.80621E-01  0.83502E-01  0.85454E-01  0.77813E-01  0.28433E-01  0.70597E-03  0.76754E-04 
  0.34600E+03  0.43299E-01  0.56232E-01  0.56390E-01  0.72421E-01  0.80345E-01  0.83216E-01  0.85161E-01  0.77546E-01  0.26070E-01  0.63659E-03  0.67500E-04 
  0.34700E+03  0.43150E-01  0.56038E-01  0.56195E-01  0.72172E-01  0.80068E-01  0.82929E-01  0.84868E-01  0.77279E-01  0.23903E-01  0.57402E-03  0.59361E-04 
  0.34800E+03  0.43001E-01  0.55844E-01  0.56000E-01  0.71921E-01  0.79790E-01  0.82642E-01  0.84573E-01  0.77011E-01  0.21915E-01  0.51758E-03  0.52203E-04 
  0.34900E+03  0.42851E-01  0.55649E-01  0.55805E-01  0.71671E-01  0.79512E-01  0.82353E-01  0.84278E-01  0.76743E-01  0.20092E-01  0.46668E-03  0.45906E-04 
  0.35000E+03  0.42700E-01  0.55453E-01  0.55609E-01  0.71419E-01  0.79232E-01  0.82064E-01  0.83982E-01  0.76473E-01  0.18421E-01  0.42078E-03  0.40368E-04 
  0.35100E+03  0.42547E-01  0.55255E-01  0.55410E-01  0.71163E-01  0.78948E-01  0.81770E-01  0.83681E-01  0.76199E-01  0.16887E-01  0.37937E-03  0.35496E-04 
  0.35200E+03  0.42390E-01  0.55051E-01  0.55205E-01  0.70900E-01  0.78657E-01  0.81468E-01  0.83372E-01  0.75917E-01  0.15479E-01  0.34199E-03  0.31208E-04 
  0.35300E+03  0.42227E-01  0.54840E-01  0.54993E-01  0.70628E-01  0.78355E-01  0.81156E-01  0.83053E-01  0.75627E-01  0.14187E-01  0.30826E-03  0.27435E-04 
  0.35400E+03  0.42060E-01  0.54623E-01  0.54776E-01  0.70349E-01  0.78046E-01  0.80835E-01  0.82724E-01  0.75327E-01  0.13001E-01  0.27782E-03  0.24115E-04 
  0.35500E+03  0.41890E-01  0.54401E-01  0.54554E-01  0.70064E-01  0.77729E-01  0.80507E-01  0.82389E-01  0.75022E-01  0.11913E-01  0.25036E-03  0.21194E-04 
  0.35600E+03  0.41718E-01  0.54178E-01  0.54330E-01  0.69776E-01  0.77410E-01  0.80176E-01  0.82050E-01  0.74714E-01  0.10915E-01  0.22560E-03  0.18626E-04 
  0.35700E+03  0.41545E-01  0.53954E-01  0.54105E-01  0.69488E-01  0.77090E-01  0.79845E-01  0.81711E-01  0.74405E-01  0.10001E-01  0.20328E-03  0.16369E-04 
  0.35800E+03  0.41375E-01  0.53733E-01  0.53884E-01  0.69203E-01  0.76774E-01  0.79518E-01  0.81376E-01  0.74100E-01  0.91635E-02  0.18318E-03  0.14386E-04 
  0.35900E+03  0.41209E-01  0.53517E-01  0.53667E-01  0.68925E-01  0.76465E-01  0.79198E-01  0.81049E-01  0.73802E-01  0.83969E-02  0.16508E-03  0.12644E-04 
  0.36000E+03  0.41048E-01  0.53308E-01  0.53457E-01  0.68656E-01  0.76167E-01  0.78889E-01  0.80733E-01  0.73514E-01  0.76953E-02  0.14878E-03  0.11114E-04 
  0.36100E+03  0.40893E-01  0.53106E-01  0.53255E-01  0.68396E-01  0.75879E-01  0.78590E-01  0.80427E-01  0.73236E-01  0.70532E-02  0.13412E-03  0.97709E-05 
  0.36200E+03  0.40742E-01  0.52910E-01  0.53058E-01  0.68143E-01  0.75598E-01  0.78300E-01  0.80130E-01  0.72965E-01  0.64653E-02  0.12090E-03  0.85907E-05 
  0.36300E+03  0.40593E-01  0.52717E-01  0.52865E-01  0.67895E-01  0.75323E-01  0.78015E-01  0.79838E-01  0.72699E-01  0.59266E-02  0.10900E-03  0.75533E-05 
  0.36400E+03  0.40445E-01  0.52525E-01  0.52673E-01  0.67648E-01  0.75049E-01  0.77731E-01  0.79548E-01  0.72435E-01  0.54328E-02  0.98264E-04  0.66413E-05 
  0.36500E+03  0.40296E-01  0.52332E-01  0.52479E-01  0.67399E-01  0.74772E-01  0.77444E-01  0.79255E-01  0.72168E-01  0.49800E-02  0.88585E-04  0.58392E-05 
  0.36600E+03  0.40144E-01  0.52134E-01  0.52280E-01  0.67144E-01  0.74490E-01  0.77152E-01  0.78955E-01  0.71895E-01  0.45650E-02  0.79864E-04  0.51347E-05 
  0.36700E+03  0.39985E-01  0.51927E-01  0.52073E-01  0.66877E-01  0.74194E-01  0.76845E-01  0.78641E-01  0.66992E-01  0.41833E-02  0.72211E-04  0.45317E-05 
  0.36800E+03  0.39816E-01  0.51708E-01  0.51853E-01  0.66595E-01  0.73880E-01  0.76521E-01  0.78309E-01  0.62406E-01  0.38326E-02  0.71617E-04  0.44899E-05 
  0.36900E+03  0.39635E-01  0.51473E-01  0.51617E-01  0.66292E-01  0.73545E-01  0.76173E-01  0.77953E-01  0.58116E-01  0.35101E-02  0.71303E-04  0.44704E-05 
  0.37000E+03  0.39441E-01  0.51222E-01  0.51365E-01  0.65969E-01  0.73186E-01  0.75801E-01  0.77573E-01  0.54103E-01  0.32137E-02  0.70956E-04  0.44486E-05 
  0.37100E+03  0.39236E-01  0.50955E-01  0.51098E-01  0.65625E-01  0.72805E-01  0.75407E-01  0.77170E-01  0.50351E-01  0.29414E-02  0.70587E-04  0.44255E-05 
  0.37200E+03  0.39020E-01  0.50675E-01  0.50817E-01  0.65264E-01  0.72405E-01  0.74992E-01  0.76745E-01  0.46844E-01  0.26913E-02  0.70198E-04  0.44012E-05 
  0.37300E+03  0.38794E-01  0.50381E-01  0.50523E-01  0.64886E-01  0.71985E-01  0.74558E-01  0.76300E-01  0.43569E-01  0.24618E-02  0.69792E-04  0.43757E-05 
  0.37400E+03  0.38558E-01  0.50074E-01  0.50215E-01  0.64491E-01  0.71547E-01  0.74104E-01  0.75836E-01  0.40511E-01  0.22511E-02  0.69367E-04  0.43490E-05 
  0.37500E+03  0.38311E-01  0.49754E-01  0.49893E-01  0.64078E-01  0.71089E-01  0.73629E-01  0.75350E-01  0.37655E-01  0.20579E-02  0.68923E-04  0.43212E-05 
  0.37600E+03  0.38053E-01  0.49419E-01  0.49558E-01  0.63647E-01  0.70610E-01  0.73134E-01  0.74843E-01  0.34990E-01  0.18806E-02  0.68459E-04  0.42921E-05 
  0.37700E+03  0.37785E-01  0.49071E-01  0.49209E-01  0.63199E-01  0.70113E-01  0.72619E-01  0.74316E-01  0.32503E-01  0.17180E-02  0.67977E-04  0.42619E-05 
  0.37800E+03  0.37509E-01  0.48712E-01  0.48848E-01  0.62736E-01  0.69600E-01  0.72087E-01  0.73772E-01  0.30184E-01  0.15691E-02  0.67479E-04  0.42307E-05 
  0.37900E+03  0.37227E-01  0.48346E-01  0.48481E-01  0.62265E-01  0.69077E-01  0.71545E-01  0.73218E-01  0.28025E-01  0.14327E-02  0.66972E-04  0.41989E-05 
  0.38000E+03  0.36943E-01  0.47977E-01  0.48112E-01  0.61790E-01  0.68550E-01  0.71000E-01  0.72659E-01  0.26017E-01  0.13081E-02  0.66461E-04  0.41668E-05 
  0.38100E+03  0.36659E-01  0.47609E-01  0.47742E-01  0.61316E-01  0.68024E-01  0.70455E-01  0.72102E-01  0.24153E-01  0.11943E-02  0.65951E-04  0.41349E-05 
  0.38200E+03  0.36377E-01  0.47242E-01  0.47375E-01  0.60843E-01  0.67500E-01  0.69912E-01  0.71546E-01  0.22421E-01  0.10903E-02  0.65443E-04  0.41030E-05 
  0.38300E+03  0.36095E-01  0.46876E-01  0.47008E-01  0.60372E-01  0.66977E-01  0.69371E-01  0.70992E-01  0.20812E-01  0.99539E-03  0.64936E-04  0.40712E-05 
  0.38400E+03  0.35814E-01  0.46511E-01  0.46641E-01  0.59901E-01  0.66455E-01  0.68830E-01  0.70439E-01  0.19318E-01  0.90866E-03  0.64430E-04  0.40395E-05 
  0.38500E+03  0.35534E-01  0.46147E-01  0.46276E-01  0.59432E-01  0.65935E-01  0.68291E-01  0.69887E-01  0.17931E-01  0.82946E-03  0.63925E-04  0.40079E-05 
  0.38600E+03  0.35255E-01  0.45785E-01  0.45914E-01  0.58967E-01  0.65418E-01  0.67756E-01  0.69340E-01  0.16643E-01  0.75716E-03  0.63425E-04  0.39765E-05 
  0.38700E+03  0.34979E-01  0.45427E-01  0.45554E-01  0.58506E-01  0.64906E-01  0.67226E-01  0.68797E-01  0.15448E-01  0.69116E-03  0.62928E-04  0.39454E-05 
  0.38800E+03  0.34705E-01  0.45071E-01  0.45197E-01  0.58047E-01  0.64397E-01  0.66699E-01  0.68258E-01  0.14338E-01  0.63090E-03  0.62435E-04  0.39144E-05 
  0.38900E+03  0.34430E-01  0.44713E-01  0.44838E-01  0.57586E-01  0.63886E-01  0.66169E-01  0.67716E-01  0.13307E-01  0.57585E-03  0.61939E-04  0.38833E-05 
  0.39000E+03  0.34149E-01  0.44349E-01  0.44473E-01  0.57117E-01  0.63366E-01  0.65631E-01  0.67165E-01  0.12347E-01  0.52549E-03  0.61435E-04  0.38517E-05 
  0.39100E+03  0.33859E-01  0.43972E-01  0.44096E-01  0.56632E-01  0.62828E-01  0.65073E-01  0.66594E-01  0.11453E-01  0.47938E-03  0.60913E-04  0.38190E-05 
  0.39200E+03  0.33554E-01  0.43576E-01  0.43698E-01  0.56121E-01  0.62261E-01  0.64486E-01  0.65993E-01  0.10618E-01  0.43708E-03  0.60364E-04  0.37846E-05 
  0.39300E+03  0.33228E-01  0.43153E-01  0.43274E-01  0.55576E-01  0.61657E-01  0.63860E-01  0.65353E-01  0.98370E-02  0.39824E-03  0.59778E-04  0.37478E-05 
  0.39400E+03  0.32882E-01  0.42703E-01  0.42822E-01  0.54997E-01  0.61014E-01  0.63194E-01  0.64671E-01  0.91067E-02  0.36258E-03  0.59154E-04  0.37087E-05 
  0.39500E+03  0.32520E-01  0.42232E-01  0.42351E-01  0.54391E-01  0.60342E-01  0.62498E-01  0.63959E-01  0.84256E-02  0.32992E-03  0.58503E-04  0.36679E-05 
  0.39600E+03  0.32152E-01  0.41755E-01  0.41872E-01  0.53777E-01  0.59660E-01  0.61792E-01  0.63237E-01  0.77931E-02  0.30011E-03  0.57842E-04  0.36265E-05 
  0.39700E+03  0.31791E-01  0.41286E-01  0.41401E-01  0.53172E-01  0.58989E-01  0.61097E-01  0.62525E-01  0.72092E-02  0.27305E-03  0.57192E-04  0.35857E-05 
  0.39800E+03  0.31445E-01  0.40837E-01  0.40952E-01  0.52595E-01  0.58349E-01  0.60434E-01  0.58504E-01  0.66710E-02  0.27008E-03  0.56571E-04  0.35467E-05 
  0.39900E+03  0.31118E-01  0.40412E-01  0.40526E-01  0.52047E-01  0.57742E-01  0.59805E-01  0.54767E-01  0.61758E-02  0.26727E-03  0.55982E-04  0.35098E-05 
  0.40000E+03  0.30807E-01  0.40009E-01  0.40121E-01  0.51527E-01  0.57165E-01  0.59207E-01  0.51290E-01  0.57198E-02  0.26460E-03  0.55423E-04  0.34748E-05 
  0.40100E+03  0.30507E-01  0.39619E-01  0.39730E-01  0.51025E-01  0.56607E-01  0.58630E-01  0.48045E-01  0.52988E-02  0.26202E-03  0.54883E-04  0.34409E-05 
  0.40200E+03  0.30212E-01  0.39236E-01  0.39346E-01  0.50533E-01  0.56061E-01  0.58065E-01  0.45010E-01  0.49092E-02  0.25949E-03  0.54353E-04  0.34077E-05 
  0.40300E+03  0.29920E-01  0.38857E-01  0.38966E-01  0.50044E-01  0.55519E-01  0.57503E-01  0.42166E-01  0.45481E-02  0.25698E-03  0.53827E-04  0.33747E-05 
  0.40400E+03  0.29629E-01  0.38478E-01  0.38586E-01  0.49556E-01  0.54978E-01  0.56942E-01  0.39498E-01  0.42133E-02  0.25448E-03  0.53302E-04  0.33418E-05 
  0.40500E+03  0.29337E-01  0.38099E-01  0.38206E-01  0.49068E-01  0.54437E-01  0.56382E-01  0.36996E-01  0.39028E-02  0.25197E-03  0.52778E-04  0.33090E-05 
  0.40600E+03  0.29046E-01  0.37722E-01  0.37828E-01  0.48582E-01  0.53897E-01  0.55823E-01  0.34650E-01  0.36149E-02  0.24948E-03  0.52255E-04  0.32762E-05 
  0.40700E+03  0.28758E-01  0.37347E-01  0.37452E-01  0.48099E-01  0.53362E-01  0.55269E-01  0.32451E-01  0.33481E-02  0.24700E-03  0.51736E-04  0.32436E-05 
  0.40800E+03  0.28474E-01  0.36978E-01  0.37082E-01  0.47625E-01  0.52835E-01  0.54723E-01  0.30395E-01  0.31012E-02  0.24456E-03  0.51225E-04  0.32116E-05 
  0.40900E+03  0.28199E-01  0.36622E-01  0.36724E-01  0.47165E-01  0.52325E-01  0.54195E-01  0.28475E-01  0.28732E-02  0.24220E-03  0.50731E-04  0.31806E-05 
  0.41000E+03  0.27940E-01  0.36285E-01  0.36387E-01  0.46732E-01  0.51844E-01  0.53697E-01  0.26688E-01  0.26632E-02  0.23997E-03  0.50264E-04  0.31514E-05 
  0.41100E+03  0.27702E-01  0.35977E-01  0.36077E-01  0.46334E-01  0.51404E-01  0.53241E-01  0.25032E-01  0.24703E-02  0.23793E-03  0.49837E-04  0.31246E-05 
  0.41200E+03  0.27490E-01  0.35701E-01  0.35801E-01  0.45980E-01  0.51010E-01  0.52833E-01  0.23498E-01  0.22933E-02  0.23611E-03  0.49455E-04  0.31006E-05 
  0.41300E+03  0.27304E-01  0.35459E-01  0.35558E-01  0.45667E-01  0.50664E-01  0.52474E-01  0.22077E-01  0.21309E-02  0.23451E-03  0.49119E-04  0.30796E-05 
  0.41400E+03  0.27140E-01  0.35246E-01  0.35345E-01  0.45393E-01  0.50360E-01  0.52159E-01  0.20759E-01  0.19815E-02  0.23310E-03  0.48825E-04  0.30611E-05 
  0.41500E+03  0.26995E-01  0.35057E-01  0.35156E-01  0.45151E-01  0.50090E-01  0.51880E-01  0.19532E-01  0.18438E-02  0.23185E-03  0.48563E-04  0.30447E-05 
  0.41600E+03  0.26864E-01  0.34887E-01  0.34985E-01  0.44932E-01  0.49847E-01  0.51629E-01  0.18387E-01  0.17165E-02  0.23073E-03  0.48328E-04  0.30300E-05 
  0.41700E+03  0.26744E-01  0.34732E-01  0.34830E-01  0.44732E-01  0.49626E-01  0.51399E-01  0.17316E-01  0.15986E-02  0.22970E-03  0.48113E-04  0.30165E-05 
  0.41800E+03  0.26634E-01  0.34590E-01  0.34687E-01  0.44548E-01  0.49422E-01  0.51188E-01  0.16313E-01  0.14894E-02  0.22876E-03  0.47915E-04  0.30041E-05 
  0.41900E+03  0.26534E-01  0.34460E-01  0.34556E-01  0.44381E-01  0.49236E-01  0.50996E-01  0.15373E-01  0.13881E-02  0.22790E-03  0.47735E-04  0.29928E-05 
  0.42000E+03  0.26445E-01  0.34343E-01  0.34440E-01  0.44231E-01  0.49070E-01  0.50823E-01  0.14493E-01  0.12942E-02  0.22713E-03  0.47574E-04  0.29827E-05 
  0.42100E+03  0.26366E-01  0.34241E-01  0.34337E-01  0.44099E-01  0.48924E-01  0.50672E-01  0.13669E-01  0.12071E-02  0.22646E-03  0.47433E-04  0.29738E-05 
  0.42200E+03  0.26298E-01  0.34153E-01  0.34249E-01  0.43986E-01  0.48798E-01  0.50542E-01  0.12897E-01  0.11263E-02  0.22587E-03  0.47311E-04  0.29662E-05 
  0.42300E+03  0.26240E-01  0.34078E-01  0.34173E-01  0.43889E-01  0.48691E-01  0.50431E-01  0.12173E-01  0.10514E-02  0.22538E-03  0.47207E-04  0.29596E-05 
  0.42400E+03  0.26190E-01  0.34013E-01  0.34108E-01  0.43805E-01  0.48598E-01  0.50335E-01  0.11493E-01  0.98169E-03  0.22495E-03  0.47117E-04  0.29540E-05 
  0.42500E+03  0.26147E-01  0.33956E-01  0.34051E-01  0.43732E-01  0.48517E-01  0.50250E-01  0.10854E-01  0.91682E-03  0.22457E-03  0.47038E-04  0.29491E-05 
  0.42600E+03  0.26107E-01  0.33905E-01  0.34000E-01  0.43666E-01  0.48443E-01  0.50175E-01  0.10252E-01  0.85702E-03  0.22423E-03  0.46967E-04  0.29446E-05 
  0.42700E+03  0.26071E-01  0.33858E-01  0.33953E-01  0.43606E-01  0.48376E-01  0.50105E-01  0.96853E-02  0.85509E-03  0.22392E-03  0.46902E-04  0.29405E-05 
  0.42800E+03  0.26037E-01  0.33814E-01  0.33909E-01  0.43549E-01  0.48314E-01  0.47817E-01  0.91501E-02  0.85399E-03  0.22363E-03  0.46841E-04  0.29368E-05 
  0.42900E+03  0.26007E-01  0.33774E-01  0.33869E-01  0.43498E-01  0.48257E-01  0.45638E-01  0.86454E-02  0.85298E-03  0.22337E-03  0.46786E-04  0.29333E-05 
  0.43000E+03  0.25978E-01  0.33738E-01  0.33832E-01  0.43451E-01  0.48205E-01  0.43563E-01  0.81693E-02  0.85205E-03  0.22312E-03  0.46735E-04  0.29301E-05 
  0.43100E+03  0.25953E-01  0.33705E-01  0.33799E-01  0.43408E-01  0.48158E-01  0.41587E-01  0.77203E-02  0.85122E-03  0.22291E-03  0.46690E-04  0.29272E-05 
  0.43200E+03  0.25931E-01  0.33676E-01  0.33771E-01  0.43372E-01  0.48117E-01  0.39705E-01  0.72969E-02  0.85050E-03  0.22272E-03  0.46650E-04  0.29248E-05 
  0.43300E+03  0.25913E-01  0.33652E-01  0.33747E-01  0.43341E-01  0.48083E-01  0.37914E-01  0.68977E-02  0.84990E-03  0.22256E-03  0.46617E-04  0.29227E-05 
  0.43400E+03  0.25898E-01  0.33633E-01  0.33727E-01  0.43316E-01  0.48055E-01  0.36208E-01  0.65211E-02  0.84941E-03  0.22243E-03  0.46590E-04  0.29210E-05 
  0.43500E+03  0.25885E-01  0.33617E-01  0.33711E-01  0.43295E-01  0.48032E-01  0.34582E-01  0.61658E-02  0.84900E-03  0.22233E-03  0.46568E-04  0.29196E-05 
  0.43600E+03  0.25875E-01  0.33603E-01  0.33697E-01  0.43277E-01  0.48012E-01  0.33032E-01  0.58301E-02  0.84865E-03  0.22223E-03  0.46548E-04  0.29184E-05 
  0.43700E+03  0.25864E-01  0.33589E-01  0.33684E-01  0.43260E-01  0.47993E-01  0.31551E-01  0.55128E-02  0.84831E-03  0.22215E-03  0.46530E-04  0.29172E-05 
  0.43800E+03  0.25854E-01  0.33577E-01  0.33671E-01  0.43243E-01  0.47974E-01  0.30138E-01  0.52129E-02  0.84799E-03  0.22206E-03  0.46512E-04  0.29161E-05 
  0.43900E+03  0.25845E-01  0.33564E-01  0.33658E-01  0.43227E-01  0.47957E-01  0.28787E-01  0.49293E-02  0.84767E-03  0.22198E-03  0.46495E-04  0.29150E-05 
  0.44000E+03  0.25836E-01  0.33553E-01  0.33647E-01  0.43212E-01  0.47940E-01  0.27499E-01  0.46613E-02  0.84738E-03  0.22190E-03  0.46479E-04  0.29140E-05 
  0.44100E+03  0.25828E-01  0.33542E-01  0.33636E-01  0.43199E-01  0.47925E-01  0.26268E-01  0.44080E-02  0.84712E-03  0.22183E-03  0.46464E-04  0.29131E-05 
  0.44200E+03  0.25821E-01  0.33533E-01  0.33627E-01  0.43187E-01  0.47912E-01  0.25094E-01  0.41686E-02  0.84689E-03  0.22177E-03  0.46452E-04  0.29123E-05 
  0.44300E+03  0.25815E-01  0.33525E-01  0.33619E-01  0.43177E-01  0.47901E-01  0.23973E-01  0.39424E-02  0.84669E-03  0.22172E-03  0.46441E-04  0.29117E-05 
  0.44400E+03  0.25810E-01  0.33519E-01  0.33613E-01  0.43169E-01  0.47892E-01  0.22903E-01  0.37285E-02  0.84652E-03  0.22168E-03  0.46432E-04  0.29111E-05 
  0.44500E+03  0.25805E-01  0.33513E-01  0.33607E-01  0.43161E-01  0.47883E-01  0.21882E-01  0.35264E-02  0.84638E-03  0.22164E-03  0.46424E-04  0.29106E-05 
  0.44600E+03  0.25801E-01  0.33508E-01  0.33602E-01  0.43155E-01  0.47876E-01  0.20906E-01  0.33352E-02  0.84625E-03  0.22161E-03  0.46417E-04  0.29101E-05 
  0.44700E+03  0.25798E-01  0.33504E-01  0.33597E-01  0.43149E-01  0.47870E-01  0.19974E-01  0.31545E-02  0.84614E-03  0.22158E-03  0.46411E-04  0.29098E-05 
  0.44800E+03  0.25795E-01  0.33500E-01  0.33594E-01  0.43144E-01  0.47865E-01  0.19084E-01  0.29837E-02  0.84605E-03  0.22155E-03  0.46406E-04  0.29094E-05 
  0.44900E+03  0.25793E-01  0.33496E-01  0.33590E-01  0.43140E-01  0.47860E-01  0.18234E-01  0.28221E-02  0.84596E-03  0.22153E-03  0.46401E-04  0.29092E-05 
  0.45000E+03  0.25790E-01  0.33493E-01  0.33587E-01  0.43136E-01  0.47856E-01  0.17422E-01  0.26693E-02  0.84588E-03  0.22151E-03  0.46397E-04  0.29089E-05 
  0.45100E+03  0.25788E-01  0.33490E-01  0.33584E-01  0.43132E-01  0.47851E-01  0.16646E-01  0.25248E-02  0.84581E-03  0.22149E-03  0.46393E-04  0.29086E-05 
  0.45200E+03  0.25786E-01  0.33488E-01  0.33581E-01  0.43129E-01  0.47847E-01  0.15905E-01  0.23881E-02  0.84574E-03  0.22147E-03  0.46389E-04  0.29084E-05 
  0.45300E+03  0.25784E-01  0.33485E-01  0.33579E-01  0.43125E-01  0.47843E-01  0.15197E-01  0.22588E-02  0.84567E-03  0.22145E-03  0.46385E-04  0.29081E-05 
  0.45400E+03  0.25782E-01  0.33482E-01  0.33576E-01  0.43122E-01  0.47839E-01  0.14520E-01  0.21365E-02  0.84560E-03  0.22144E-03  0.46381E-04  0.29079E-05 
  0.45500E+03  0.25780E-01  0.33480E-01  0.33573E-01  0.43118E-01  0.47836E-01  0.13874E-01  0.20208E-02  0.84554E-03  0.22142E-03  0.46378E-04  0.29077E-05 
  0.45600E+03  0.25778E-01  0.33477E-01  0.33571E-01  0.43116E-01  0.47833E-01  0.13256E-01  0.19115E-02  0.84548E-03  0.22140E-03  0.46375E-04  0.29075E-05 
  0.45700E+03  0.25776E-01  0.33475E-01  0.33569E-01  0.43113E-01  0.47829E-01  0.12667E-01  0.18082E-02  0.84543E-03  0.22139E-03  0.46372E-04  0.29073E-05 
  0.45800E+03  0.25775E-01  0.33473E-01  0.33567E-01  0.43111E-01  0.46088E-01  0.12104E-01  0.18081E-02  0.84538E-03  0.22138E-03  0.46369E-04  0.29072E-05 
  0.45900E+03  0.25774E-01  0.33472E-01  0.33566E-01  0.43108E-01  0.44410E-01  0.11565E-01  0.18080E-02  0.84534E-03  0.22137E-03  0.46367E-04  0.29070E-05 
  0.46000E+03  0.25773E-01  0.33470E-01  0.33564E-01  0.43107E-01  0.42794E-01  0.11051E-01  0.18079E-02  0.84530E-03  0.22136E-03  0.46365E-04  0.29069E-05 
  0.46100E+03  0.25772E-01  0.33469E-01  0.33563E-01  0.43105E-01  0.41236E-01  0.10559E-01  0.18079E-02  0.84527E-03  0.22135E-03  0.46363E-04  0.29068E-05 
  0.46200E+03  0.25771E-01  0.33468E-01  0.33562E-01  0.43103E-01  0.39736E-01  0.10090E-01  0.18078E-02  0.84524E-03  0.22134E-03  0.46362E-04  0.29067E-05 
  0.46300E+03  0.25770E-01  0.33467E-01  0.33561E-01  0.43102E-01  0.38290E-01  0.96411E-02  0.18077E-02  0.84522E-03  0.22134E-03  0.46360E-04  0.29066E-05 
  0.46400E+03  0.25769E-01  0.33466E-01  0.33560E-01  0.43101E-01  0.36897E-01  0.92125E-02  0.18077E-02  0.84520E-03  0.22133E-03  0.46359E-04  0.29065E-05 
  0.46500E+03  0.25769E-01  0.33466E-01  0.33559E-01  0.43100E-01  0.35555E-01  0.88030E-02  0.18077E-02  0.84518E-03  0.22133E-03  0.46358E-04  0.29065E-05 
  0.46600E+03  0.25769E-01  0.33465E-01  0.33559E-01  0.43100E-01  0.34261E-01  0.84117E-02  0.18076E-02  0.84517E-03  0.22132E-03  0.46358E-04  0.29064E-05 
  0.46700E+03  0.25768E-01  0.33465E-01  0.33558E-01  0.43099E-01  0.33015E-01  0.80379E-02  0.18076E-02  0.84516E-03  0.22132E-03  0.46357E-04  0.29064E-05 
  0.46800E+03  0.25768E-01  0.33464E-01  0.33558E-01  0.43099E-01  0.31814E-01  0.76806E-02  0.18076E-02  0.84515E-03  0.22132E-03  0.46356E-04  0.29064E-05 
  0.46900E+03  0.25768E-01  0.33464E-01  0.33558E-01  0.43098E-01  0.30657E-01  0.73393E-02  0.18076E-02  0.84514E-03  0.22131E-03  0.46356E-04  0.29063E-05 
  0.47000E+03  0.25767E-01  0.33464E-01  0.33557E-01  0.43098E-01  0.29542E-01  0.70131E-02  0.18076E-02  0.84513E-03  0.22131E-03  0.46356E-04  0.29063E-05 
  0.47100E+03  0.25767E-01  0.33463E-01  0.33557E-01  0.43098E-01  0.28468E-01  0.67014E-02  0.18075E-02  0.84513E-03  0.22131E-03  0.46355E-04  0.29063E-05 
  0.47200E+03  0.25767E-01  0.33463E-01  0.33557E-01  0.43097E-01  0.27433E-01  0.64035E-02  0.18075E-02  0.84512E-03  0.22131E-03  0.46355E-04  0.29063E-05 
  0.47300E+03  0.25767E-01  0.33463E-01  0.33557E-01  0.43097E-01  0.26435E-01  0.61188E-02  0.18075E-02  0.84512E-03  0.22131E-03  0.46355E-04  0.29062E-05 
  0.47400E+03  0.25767E-01  0.33463E-01  0.33557E-01  0.43097E-01  0.25473E-01  0.58468E-02  0.18075E-02  0.84511E-03  0.22131E-03  0.46354E-04  0.29062E-05 
  0.47500E+03  0.25767E-01  0.33463E-01  0.33556E-01  0.43096E-01  0.24547E-01  0.55869E-02  0.18075E-02  0.84511E-03  0.22131E-03  0.46354E-04  0.29062E-05 
  0.47600E+03  0.25766E-01  0.33462E-01  0.33556E-01  0.43096E-01  0.23654E-01  0.53385E-02  0.18075E-02  0.84510E-03  0.22130E-03  0.46354E-04  0.29062E-05 
  0.47700E+03  0.25766E-01  0.33462E-01  0.33556E-01  0.43096E-01  0.22794E-01  0.51013E-02  0.18075E-02  0.84510E-03  0.22130E-03  0.46354E-04  0.29062E-05 
  0.47800E+03  0.25766E-01  0.33462E-01  0.33556E-01  0.43096E-01  0.21965E-01  0.48746E-02  0.18075E-02  0.84510E-03  0.22130E-03  0.46354E-04  0.29062E-05 
  0.47900E+03  0.25766E-01  0.33462E-01  0.33556E-01  0.43096E-01  0.21166E-01  0.46579E-02  0.18075E-02  0.84509E-03  0.22130E-03  0.46353E-04  0.29062E-05 
  0.48000E+03  0.25766E-01  0.33462E-01  0.33556E-01  0.43096E-01  0.20397E-01  0.44509E-02  0.18075E-02  0.84509E-03  0.22130E-03  0.46353E-04  0.29062E-05 
  0.48100E+03  0.25766E-01  0.33462E-01  0.33556E-01  0.43096E-01  0.19655E-01  0.42531E-02  0.18075E-02  0.84509E-03  0.22130E-03  0.46353E-04  0.29062E-05 
  0.48200E+03  0.25766E-01  0.33462E-01  0.33556E-01  0.43096E-01  0.18940E-01  0.40641E-02  0.18075E-02  0.84509E-03  0.22130E-03  0.46353E-04  0.29061E-05 
  0.48300E+03  0.25766E-01  0.33462E-01  0.33556E-01  0.43096E-01  0.18252E-01  0.38835E-02  0.18075E-02  0.84509E-03  0.22130E-03  0.46353E-04  0.29061E-05 
  0.48400E+03  0.25766E-01  0.33462E-01  0.33556E-01  0.43095E-01  0.17588E-01  0.37110E-02  0.18075E-02  0.84509E-03  0.22130E-03  0.46353E-04  0.29061E-05 
  0.48500E+03  0.25766E-01  0.33462E-01  0.33555E-01  0.43095E-01  0.16949E-01  0.35461E-02  0.18075E-02  0.84508E-03  0.22130E-03  0.46353E-04  0.29061E-05 
  0.48600E+03  0.25766E-01  0.33462E-01  0.33555E-01  0.43095E-01  0.16332E-01  0.33885E-02  0.18074E-02  0.84508E-03  0.22130E-03  0.46353E-04  0.29061E-05 
  0.48700E+03  0.25766E-01  0.33462E-01  0.33555E-01  0.43095E-01  0.15739E-01  0.32382E-02  0.18074E-02  0.84508E-03  0.22130E-03  0.46353E-04  0.29061E-05 
  0.48800E+03  0.25766E-01  0.33462E-01  0.33555E-01  0.41769E-01  0.15167E-01  0.32382E-02  0.18074E-02  0.84508E-03  0.22130E-03  0.46353E-04  0.29061E-05 
  0.48900E+03  0.25766E-01  0.33462E-01  0.33555E-01  0.40484E-01  0.14616E-01  0.32382E-02  0.18074E-02  0.84508E-03  0.22130E-03  0.46353E-04  0.29061E-05 
  0.49000E+03  0.25766E-01  0.33461E-01  0.33555E-01  0.39239E-01  0.14084E-01  0.32382E-02  0.18074E-02  0.84508E-03  0.22130E-03  0.46353E-04  0.29061E-05 
  0.49100E+03  0.25766E-01  0.33461E-01  0.33555E-01  0.38032E-01  0.13572E-01  0.32382E-02  0.18074E-02  0.84508E-03  0.22130E-03  0.46353E-04  0.29061E-05 
  0.49200E+03  0.25766E-01  0.33461E-01  0.33555E-01  0.36861E-01  0.13079E-01  0.32382E-02  0.18074E-02  0.84508E-03  0.22130E-03  0.46353E-04  0.29061E-05 
  0.49300E+03  0.25766E-01  0.33461E-01  0.33555E-01  0.35727E-01  0.12603E-01  0.32382E-02  0.18074E-02  0.84508E-03  0.22130E-03  0.46353E-04  0.29061E-05 
  0.49400E+03  0.25766E-01  0.33461E-01  0.33555E-01  0.34628E-01  0.12145E-01  0.32382E-02  0.18074E-02  0.84508E-03  0.22130E-03  0.46353E-04  0.29061E-05 
  0.49500E+03  0.25766E-01  0.33461E-01  0.33555E-01  0.33563E-01  0.11703E-01  0.32382E-02  0.18074E-02  0.84508E-03  0.22130E-03  0.46353E-04  0.29061E-05 
  0.49600E+03  0.25766E-01  0.33461E-01  0.33555E-01  0.32530E-01  0.11278E-01  0.32382E-02  0.18074E-02  0.84508E-03  0.22130E-03  0.46353E-04  0.29061E-05 
  0.49700E+03  0.25766E-01  0.33461E-01  0.33555E-01  0.31530E-01  0.10868E-01  0.32381E-02  0.18074E-02  0.84508E-03  0.22130E-03  0.46353E-04  0.29061E-05 
  0.49800E+03  0.25766E-01  0.33461E-01  0.33555E-01  0.30560E-01  0.10473E-01  0.32381E-02  0.18074E-02  0.84508E-03  0.22130E-03  0.46353E-04  0.29061E-05 
  0.49900E+03  0.25766E-01  0.33461E-01  0.33555E-01  0.29619E-01  0.10092E-01  0.32381E-02  0.18074E-02  0.84508E-03  0.22130E-03  0.46353E-04  0.29061E-05 
  0.50000E+03  0.25766E-01  0.33461E-01  0.33555E-01  0.28708E-01  0.97252E-02  0.32381E-02  0.18074E-02  0.84508E-03  0.22130E-03  0.46352E-04  0.29061E-05 
  0.50100E+03  0.25766E-01  0.33461E-01  0.33555E-01  0.27825E-01  0.93717E-02  0.32381E-02  0.18074E-02  0.84508E-03  0.22130E-03  0.46352E-04  0.29061E-05 
  0.50200E+03  0.25766E-01  0.33461E-01  0.33555E-01  0.26969E-01  0.90310E-02  0.32381E-02  0.18074E-02  0.84508E-03  0.22130E-03  0.46352E-04  0.29061E-05 
  0.50300E+03  0.25766E-01  0.33461E-01  0.33555E-01  0.26139E-01  0.87027E-02  0.32381E-02  0.18074E-02  0.84508E-03  0.22130E-03  0.46352E-04  0.29061E-05 
  0.50400E+03  0.25766E-01  0.33461E-01  0.33555E-01  0.25335E-01  0.83863E-02  0.32381E-02  0.18074E-02  0.84508E-03  0.22130E-03  0.46352E-04  0.29061E-05 
  0.50500E+03  0.25766E-01  0.33461E-01  0.33555E-01  0.24556E-01  0.80815E-02  0.32381E-02  0.18074E-02  0.84508E-03  0.22130E-03  0.46352E-04  0.29061E-05 
  0.50600E+03  0.25766E-01  0.33461E-01  0.33555E-01  0.23800E-01  0.77876E-02  0.32381E-02  0.18074E-02  0.84508E-03  0.22130E-03  0.46352E-04  0.29061E-05 
  0.50700E+03  0.25766E-01  0.33461E-01  0.33555E-01  0.23068E-01  0.75045E-02  0.32381E-02  0.18074E-02  0.84508E-03  0.22130E-03  0.46352E-04  0.29061E-05 
  0.50800E+03  0.25766E-01  0.33461E-01  0.33555E-01  0.22358E-01  0.72316E-02  0.32381E-02  0.18074E-02  0.84508E-03  0.22130E-03  0.46352E-04  0.29061E-05 
  0.50900E+03  0.25766E-01  0.33461E-01  0.33555E-01  0.21670E-01  0.69687E-02  0.32381E-02  0.18074E-02  0.84508E-03  0.22130E-03  0.46352E-04  0.29061E-05 
  0.51000E+03  0.25766E-01  0.33461E-01  0.33555E-01  0.21004E-01  0.67153E-02  0.32381E-02  0.18074E-02  0.84508E-03  0.22130E-03  0.46352E-04  0.29061E-05 
  0.51100E+03  0.25766E-01  0.33461E-01  0.33555E-01  0.20357E-01  0.64711E-02  0.32381E-02  0.18074E-02  0.84508E-03  0.22130E-03  0.46352E-04  0.29061E-05 
  0.51200E+03  0.25766E-01  0.33461E-01  0.33555E-01  0.19731E-01  0.62358E-02  0.32381E-02  0.18074E-02  0.84508E-03  0.22130E-03  0.46352E-04  0.29061E-05 
  0.51300E+03  0.25766E-01  0.33461E-01  0.33555E-01  0.19124E-01  0.60090E-02  0.32381E-02  0.18074E-02  0.84508E-03  0.22130E-03  0.46352E-04  0.29061E-05 
  0.51400E+03  0.25766E-01  0.33461E-01  0.33555E-01  0.18535E-01  0.57905E-02  0.32381E-02  0.18074E-02  0.84508E-03  0.22130E-03  0.46352E-04  0.29061E-05 
  0.51500E+03  0.25766E-01  0.33461E-01  0.33555E-01  0.17965E-01  0.55799E-02  0.32381E-02  0.18074E-02  0.84508E-03  0.22130E-03  0.46352E-04  0.29061E-05 
  0.51600E+03  0.25766E-01  0.33461E-01  0.33555E-01  0.17412E-01  0.53770E-02  0.32381E-02  0.18074E-02  0.84508E-03  0.22130E-03  0.46352E-04  0.29061E-05 
  0.51700E+03  0.25766E-01  0.33461E-01  0.33555E-01  0.16877E-01  0.51818E-02  0.32381E-02  0.18074E-02  0.84508E-03  0.22130E-03  0.46352E-04  0.29061E-05 
  0.51800E+03  0.25766E-01  0.33461E-01  0.32660E-01  0.16358E-01  0.51817E-02  0.32381E-02  0.18074E-02  0.84508E-03  0.22130E-03  0.46352E-04  0.29061E-05 
  0.51900E+03  0.25766E-01  0.33461E-01  0.31790E-01  0.15855E-01  0.51817E-02  0.32381E-02  0.18074E-02  0.84508E-03  0.22130E-03  0.46352E-04  0.29061E-05 
  0.52000E+03  0.25766E-01  0.33461E-01  0.30942E-01  0.15367E-01  0.51817E-02  0.32381E-02  0.18074E-02  0.84508E-03  0.22130E-03  0.46352E-04  0.29061E-05 
  0.52100E+03  0.25766E-01  0.33461E-01  0.30117E-01  0.14894E-01  0.51817E-02  0.32381E-02  0.18074E-02  0.84508E-03  0.22130E-03  0.46352E-04  0.29061E-05 
  0.52200E+03  0.25766E-01  0.33461E-01  0.29314E-01  0.14436E-01  0.51817E-02  0.32381E-02  0.18074E-02  0.84508E-03  0.22130E-03  0.46352E-04  0.29061E-05 
  0.52300E+03  0.25766E-01  0.33461E-01  0.28532E-01  0.13992E-01  0.51817E-02  0.32381E-02  0.18074E-02  0.84508E-03  0.22130E-03  0.46352E-04  0.29061E-05 
  0.52400E+03  0.25766E-01  0.33461E-01  0.27772E-01  0.13561E-01  0.51817E-02  0.32381E-02  0.18074E-02  0.84508E-03  0.22130E-03  0.46352E-04  0.29061E-05 
  0.52500E+03  0.25766E-01  0.33461E-01  0.27031E-01  0.13144E-01  0.51817E-02  0.32381E-02  0.18074E-02  0.84508E-03  0.22130E-03  0.46352E-04  0.29061E-05 
  0.52600E+03  0.25766E-01  0.33461E-01  0.26310E-01  0.12740E-01  0.51817E-02  0.32381E-02  0.18074E-02  0.84508E-03  0.22130E-03  0.46352E-04  0.29061E-05 
  0.52700E+03  0.25766E-01  0.33461E-01  0.25609E-01  0.12348E-01  0.51817E-02  0.32381E-02  0.18074E-02  0.84508E-03  0.22130E-03  0.46352E-04  0.29061E-05 
  0.52800E+03  0.25766E-01  0.33461E-01  0.24926E-01  0.11968E-01  0.51817E-02  0.32381E-02  0.18074E-02  0.84508E-03  0.22130E-03  0.46352E-04  0.29061E-05 
  0.52900E+03  0.25766E-01  0.33461E-01  0.24262E-01  0.11600E-01  0.51817E-02  0.32381E-02  0.18074E-02  0.84508E-03  0.22130E-03  0.46352E-04  0.29061E-05 
  0.53000E+03  0.25766E-01  0.33461E-01  0.23615E-01  0.11243E-01  0.51817E-02  0.32381E-02  0.18074E-02  0.84508E-03  0.22130E-03  0.46352E-04  0.29061E-05 
  0.53100E+03  0.25766E-01  0.33461E-01  0.22985E-01  0.10897E-01  0.51817E-02  0.32381E-02  0.18074E-02  0.84508E-03  0.22130E-03  0.46352E-04  0.29061E-05 
  0.53200E+03  0.25766E-01  0.33461E-01  0.22372E-01  0.10562E-01  0.51817E-02  0.32381E-02  0.18074E-02  0.84508E-03  0.22130E-03  0.46352E-04  0.29061E-05 
  0.53300E+03  0.25766E-01  0.33461E-01  0.21776E-01  0.10237E-01  0.51817E-02  0.32381E-02  0.18074E-02  0.84508E-03  0.22130E-03  0.46352E-04  0.29061E-05 
  0.53400E+03  0.25766E-01  0.33461E-01  0.21195E-01  0.99225E-02  0.51817E-02  0.32381E-02  0.18074E-02  0.84508E-03  0.22130E-03  0.46352E-04  0.29061E-05 
  0.53500E+03  0.25766E-01  0.33461E-01  0.20630E-01  0.96173E-02  0.51817E-02  0.32381E-02  0.18074E-02  0.84508E-03  0.22130E-03  0.46352E-04  0.29061E-05 
  0.53600E+03  0.25766E-01  0.33461E-01  0.20080E-01  0.93215E-02  0.51817E-02  0.32381E-02  0.18074E-02  0.84508E-03  0.22130E-03  0.46352E-04  0.29061E-05 
  0.53700E+03  0.25766E-01  0.33461E-01  0.19545E-01  0.90348E-02  0.51817E-02  0.32381E-02  0.18074E-02  0.84508E-03  0.22130E-03  0.46352E-04  0.29061E-05 
  0.53800E+03  0.25766E-01  0.33461E-01  0.19024E-01  0.87569E-02  0.51817E-02  0.32381E-02  0.18074E-02  0.84508E-03  0.22130E-03  0.46352E-04  0.29061E-05 
  0.53900E+03  0.25766E-01  0.33461E-01  0.18517E-01  0.84875E-02  0.51817E-02  0.32381E-02  0.18074E-02  0.84508E-03  0.22130E-03  0.46352E-04  0.29061E-05 
  0.54000E+03  0.25766E-01  0.33461E-01  0.18023E-01  0.82265E-02  0.51817E-02  0.32381E-02  0.18074E-02  0.84508E-03  0.22130E-03  0.46352E-04  0.29061E-05 
  0.54100E+03  0.25766E-01  0.33461E-01  0.17542E-01  0.79734E-02  0.51817E-02  0.32381E-02  0.18074E-02  0.84508E-03  0.22130E-03  0.46352E-04  0.29061E-05 
  0.54200E+03  0.25766E-01  0.33461E-01  0.17075E-01  0.77281E-02  0.51817E-02  0.32381E-02  0.18074E-02  0.84508E-03  0.22130E-03  0.46352E-04  0.29061E-05 
  0.54300E+03  0.25766E-01  0.33461E-01  0.16619E-01  0.74904E-02  0.51817E-02  0.32381E-02  0.18074E-02  0.84508E-03  0.22130E-03  0.46352E-04  0.29061E-05 
  0.54400E+03  0.25766E-01  0.33461E-01  0.16176E-01  0.72599E-02  0.51817E-02  0.32381E-02  0.18074E-02  0.84508E-03  0.22130E-03  0.46352E-04  0.29061E-05 
  0.54500E+03  0.25766E-01  0.33461E-01  0.15745E-01  0.70366E-02  0.51817E-02  0.32381E-02  0.18074E-02  0.84508E-03  0.22130E-03  0.46352E-04  0.29061E-05 
  0.54600E+03  0.25766E-01  0.33461E-01  0.15325E-01  0.68201E-02  0.51817E-02  0.32381E-02  0.18074E-02  0.84508E-03  0.22130E-03  0.46352E-04  0.29061E-05 
  0.54700E+03  0.25766E-01  0.33461E-01  0.14917E-01  0.66107E-02  0.51817E-02  0.32381E-02  0.18074E-02  0.84508E-03  0.22130E-03  0.46352E-04  0.29061E-05 
  0.54800E+03  0.25766E-01  0.32635E-01  0.14519E-01  0.66106E-02  0.51817E-02  0.32381E-02  0.18074E-02  0.84508E-03  0.22130E-03  0.46352E-04  0.29061E-05 
  0.54900E+03  0.25766E-01  0.31829E-01  0.14132E-01  0.66106E-02  0.51817E-02  0.32381E-02  0.18074E-02  0.84508E-03  0.22130E-03  0.46352E-04  0.29061E-05 
  0.55000E+03  0.25766E-01  0.31044E-01  0.13755E-01  0.66106E-02  0.51817E-02  0.32381E-02  0.18074E-02  0.84508E-03  0.22130E-03  0.46352E-04  0.29061E-05 
  0.55100E+03  0.25766E-01  0.30277E-01  0.13389E-01  0.66106E-02  0.51817E-02  0.32381E-02  0.18074E-02  0.84508E-03  0.22130E-03  0.46352E-04  0.29061E-05 
  0.55200E+03  0.25766E-01  0.29530E-01  0.13032E-01  0.66106E-02  0.51817E-02  0.32381E-02  0.18074E-02  0.84508E-03  0.22130E-03  0.46352E-04  0.29061E-05 
  0.55300E+03  0.25766E-01  0.28801E-01  0.12684E-01  0.66106E-02  0.51817E-02  0.32381E-02  0.18074E-02  0.84508E-03  0.22130E-03  0.46352E-04  0.29061E-05 
  0.55400E+03  0.25766E-01  0.28090E-01  0.12346E-01  0.66106E-02  0.51817E-02  0.32381E-02  0.18074E-02  0.84508E-03  0.22130E-03  0.46352E-04  0.29061E-05 
  0.55500E+03  0.25766E-01  0.27396E-01  0.12017E-01  0.66106E-02  0.51817E-02  0.32381E-02  0.18074E-02  0.84508E-03  0.22130E-03  0.46352E-04  0.29061E-05 
  0.55600E+03  0.25766E-01  0.26720E-01  0.11696E-01  0.66106E-02  0.51817E-02  0.32381E-02  0.18074E-02  0.84508E-03  0.22130E-03  0.46352E-04  0.29061E-05 
  0.55700E+03  0.25766E-01  0.26060E-01  0.11385E-01  0.66106E-02  0.51817E-02  0.32381E-02  0.18074E-02  0.84508E-03  0.22130E-03  0.46352E-04  0.29061E-05 
  0.55800E+03  0.25766E-01  0.25417E-01  0.11081E-01  0.66106E-02  0.51817E-02  0.32381E-02  0.18074E-02  0.84508E-03  0.22130E-03  0.46352E-04  0.29061E-05 
  0.55900E+03  0.25766E-01  0.24789E-01  0.10786E-01  0.66106E-02  0.51817E-02  0.32381E-02  0.18074E-02  0.84508E-03  0.22130E-03  0.46352E-04  0.29061E-05 
  0.56000E+03  0.25766E-01  0.24177E-01  0.10498E-01  0.66106E-02  0.51817E-02  0.32381E-02  0.18074E-02  0.84508E-03  0.22130E-03  0.46352E-04  0.29061E-05 
  0.56100E+03  0.25766E-01  0.23580E-01  0.10218E-01  0.66106E-02  0.51817E-02  0.32381E-02  0.18074E-02  0.84508E-03  0.22130E-03  0.46352E-04  0.29061E-05 
  0.56200E+03  0.25766E-01  0.22998E-01  0.99458E-02  0.66106E-02  0.51817E-02  0.32381E-02  0.18074E-02  0.84508E-03  0.22130E-03  0.46352E-04  0.29061E-05 
  0.56300E+03  0.25766E-01  0.22431E-01  0.96807E-02  0.66106E-02  0.51817E-02  0.32381E-02  0.18074E-02  0.84508E-03  0.22130E-03  0.46352E-04  0.29061E-05 
  0.56400E+03  0.25766E-01  0.21877E-01  0.94226E-02  0.66106E-02  0.51817E-02  0.32381E-02  0.18074E-02  0.84508E-03  0.22130E-03  0.46352E-04  0.29061E-05 
  0.56500E+03  0.25766E-01  0.21337E-01  0.91714E-02  0.66106E-02  0.51817E-02  0.32381E-02  0.18074E-02  0.84508E-03  0.22130E-03  0.46352E-04  0.29061E-05 
  0.56600E+03  0.25766E-01  0.20810E-01  0.89269E-02  0.66106E-02  0.51817E-02  0.32381E-02  0.18074E-02  0.84508E-03  0.22130E-03  0.46352E-04  0.29061E-05 
  0.56700E+03  0.25766E-01  0.20296E-01  0.86889E-02  0.66106E-02  0.51817E-02  0.32381E-02  0.18074E-02  0.84508E-03  0.22130E-03  0.46352E-04  0.29061E-05 
  0.56800E+03  0.25766E-01  0.19795E-01  0.84572E-02  0.66106E-02  0.51817E-02  0.32381E-02  0.18074E-02  0.84508E-03  0.22130E-03  0.46352E-04  0.29061E-05 
  0.56900E+03  0.25766E-01  0.19307E-01  0.82318E-02  0.66106E-02  0.51817E-02  0.32381E-02  0.18074E-02  0.84508E-03  0.22130E-03  0.46352E-04  0.29061E-05 
  0.57000E+03  0.25766E-01  0.18830E-01  0.80123E-02  0.66106E-02  0.51817E-02  0.32381E-02  0.18074E-02  0.84508E-03  0.22130E-03  0.46352E-04  0.29061E-05 
  0.57100E+03  0.25766E-01  0.18365E-01  0.77987E-02  0.66106E-02  0.51817E-02  0.32381E-02  0.18074E-02  0.84508E-03  0.22130E-03  0.46352E-04  0.29061E-05 
  0.57200E+03  0.25766E-01  0.17912E-01  0.75907E-02  0.66106E-02  0.51817E-02  0.32381E-02  0.18074E-02  0.84508E-03  0.22130E-03  0.46352E-04  0.29061E-05 
  0.57300E+03  0.25766E-01  0.17470E-01  0.73883E-02  0.66106E-02  0.51817E-02  0.32381E-02  0.18074E-02  0.84508E-03  0.22130E-03  0.46352E-04  0.29061E-05 
  0.57400E+03  0.25766E-01  0.17038E-01  0.71913E-02  0.66106E-02  0.51817E-02  0.32381E-02  0.18074E-02  0.84508E-03  0.22130E-03  0.46352E-04  0.29061E-05 
  0.57500E+03  0.25766E-01  0.16618E-01  0.69996E-02  0.66106E-02  0.51817E-02  0.32381E-02  0.18074E-02  0.84508E-03  0.22130E-03  0.46352E-04  0.29061E-05 
  0.57600E+03  0.25766E-01  0.16207E-01  0.68129E-02  0.66106E-02  0.51817E-02  0.32381E-02  0.18074E-02  0.84508E-03  0.22130E-03  0.46352E-04  0.29061E-05 
  0.57700E+03  0.25765E-01  0.15808E-01  0.66316E-02  0.66106E-02  0.51817E-02  0.32381E-02  0.18074E-02  0.84508E-03  0.22130E-03  0.46352E-04  0.29061E-05 
  0.57800E+03  0.25130E-01  0.15417E-01  0.66315E-02  0.66106E-02  0.51817E-02  0.32381E-02  0.18074E-02  0.84508E-03  0.22130E-03  0.46352E-04  0.29061E-05 
  0.57900E+03  0.24509E-01  0.15037E-01  0.66315E-02  0.66106E-02  0.51817E-02  0.32381E-02  0.18074E-02  0.84508E-03  0.22130E-03  0.46352E-04  0.29061E-05 
  0.58000E+03  0.23904E-01  0.14665E-01  0.66315E-02  0.66106E-02  0.51817E-02  0.32381E-02  0.18074E-02  0.84508E-03  0.22130E-03  0.46352E-04  0.29061E-05 
  0.58100E+03  0.23314E-01  0.14303E-01  0.66315E-02  0.66106E-02  0.51817E-02  0.32381E-02  0.18074E-02  0.84508E-03  0.22130E-03  0.46352E-04  0.29061E-05 
  0.58200E+03  0.22738E-01  0.13950E-01  0.66315E-02  0.66106E-02  0.51817E-02  0.32381E-02  0.18074E-02  0.84508E-03  0.22130E-03  0.46352E-04  0.29061E-05 
  0.58300E+03  0.22177E-01  0.13606E-01  0.66315E-02  0.66106E-02  0.51817E-02  0.32381E-02  0.18074E-02  0.84508E-03  0.22130E-03  0.46352E-04  0.29061E-05 
  0.58400E+03  0.21629E-01  0.13270E-01  0.66315E-02  0.66106E-02  0.51817E-02  0.32381E-02  0.18074E-02  0.84508E-03  0.22130E-03  0.46352E-04  0.29061E-05 
  0.58500E+03  0.21095E-01  0.12942E-01  0.66315E-02  0.66106E-02  0.51817E-02  0.32381E-02  0.18074E-02  0.84508E-03  0.22130E-03  0.46352E-04  0.29061E-05 
  0.58600E+03  0.20575E-01  0.12623E-01  0.66315E-02  0.66106E-02  0.51817E-02  0.32381E-02  0.18074E-02  0.84508E-03  0.22130E-03  0.46352E-04  0.29061E-05 
  0.58700E+03  0.20067E-01  0.12311E-01  0.66315E-02  0.66106E-02  0.51817E-02  0.32381E-02  0.18074E-02  0.84508E-03  0.22130E-03  0.46352E-04  0.29061E-05 
  0.58800E+03  0.19571E-01  0.12007E-01  0.66315E-02  0.66106E-02  0.51817E-02  0.32381E-02  0.18074E-02  0.84508E-03  0.22130E-03  0.46352E-04  0.29061E-05 
  0.58900E+03  0.19088E-01  0.11711E-01  0.66315E-02  0.66106E-02  0.51817E-02  0.32381E-02  0.18074E-02  0.84508E-03  0.22130E-03  0.46352E-04  0.29061E-05 
  0.59000E+03  0.18617E-01  0.11422E-01  0.66315E-02  0.66106E-02  0.51817E-02  0.32381E-02  0.18074E-02  0.84508E-03  0.22130E-03  0.46352E-04  0.29061E-05 
  0.59100E+03  0.18157E-01  0.11140E-01  0.66315E-02  0.66106E-02  0.51817E-02  0.32381E-02  0.18074E-02  0.84508E-03  0.22130E-03  0.46352E-04  0.29061E-05 
  0.59200E+03  0.17709E-01  0.10865E-01  0.66315E-02  0.66106E-02  0.51817E-02  0.32381E-02  0.18074E-02  0.84508E-03  0.22130E-03  0.46352E-04  0.29061E-05 
  0.59300E+03  0.17272E-01  0.10597E-01  0.66315E-02  0.66106E-02  0.51817E-02  0.32381E-02  0.18074E-02  0.84508E-03  0.22130E-03  0.46352E-04  0.29061E-05 
  0.59400E+03  0.16846E-01  0.10335E-01  0.66315E-02  0.66106E-02  0.51817E-02  0.32381E-02  0.18074E-02  0.84508E-03  0.22130E-03  0.46352E-04  0.29061E-05 
  0.59500E+03  0.16430E-01  0.10080E-01  0.66315E-02  0.66106E-02  0.51817E-02  0.32381E-02  0.18074E-02  0.84508E-03  0.22130E-03  0.46352E-04  0.29061E-05 
  0.59600E+03  0.16024E-01  0.98310E-02  0.66315E-02  0.66106E-02  0.51817E-02  0.32381E-02  0.18074E-02  0.84508E-03  0.22130E-03  0.46352E-04  0.29061E-05 
  0.59700E+03  0.15629E-01  0.95883E-02  0.66315E-02  0.66106E-02  0.51817E-02  0.32381E-02  0.18074E-02  0.84508E-03  0.22130E-03  0.46352E-04  0.29061E-05 
  0.59800E+03  0.15243E-01  0.93516E-02  0.66315E-02  0.66106E-02  0.51817E-02  0.32381E-02  0.18074E-02  0.84508E-03  0.22130E-03  0.46352E-04  0.29061E-05 
  0.59900E+03  0.14867E-01  0.91208E-02  0.66315E-02  0.66106E-02  0.51817E-02  0.32381E-02  0.18074E-02  0.84508E-03  0.22130E-03  0.46352E-04  0.29061E-05 
  0.60000E+03  0.14500E-01  0.88956E-02  0.66315E-02  0.66106E-02  0.51817E-02  0.32381E-02  0.18074E-02  0.84508E-03  0.22130E-03  0.46352E-04  0.29061E-05 
