TITLE = "Xsusc001_0"
VARIABLES = "time" 
 "   1" "   2" "   3" "   4" "   5" "   6" "   7" "   8" "   9" "  10" "  11"
 ZONE T="Xsusc001_0"  F=POINT, I=         601 , J=1, K=1
  0.00000E+00  0.66603E-01  0.86496E-01  0.86739E-01  0.11140E+00  0.12359E+00  0.12800E+00  0.13099E+00  0.11928E+00  0.84898E-01  0.48378E-01  0.13604E-01 
  0.10000E+01  0.66603E-01  0.86496E-01  0.86738E-01  0.11140E+00  0.12359E+00  0.12800E+00  0.13099E+00  0.11928E+00  0.84897E-01  0.48378E-01  0.13604E-01 
  0.20000E+01  0.66603E-01  0.86495E-01  0.86738E-01  0.11140E+00  0.12359E+00  0.12800E+00  0.13099E+00  0.11928E+00  0.84897E-01  0.48378E-01  0.13604E-01 
  0.30000E+01  0.66602E-01  0.86495E-01  0.86737E-01  0.11140E+00  0.12358E+00  0.12800E+00  0.13099E+00  0.11928E+00  0.84896E-01  0.48378E-01  0.13604E-01 
  0.40000E+01  0.66601E-01  0.86494E-01  0.86736E-01  0.11140E+00  0.12358E+00  0.12800E+00  0.13099E+00  0.11928E+00  0.84895E-01  0.48377E-01  0.13603E-01 
  0.50000E+01  0.66601E-01  0.86493E-01  0.86735E-01  0.11139E+00  0.12358E+00  0.12800E+00  0.13099E+00  0.11928E+00  0.84894E-01  0.48377E-01  0.13603E-01 
  0.60000E+01  0.66600E-01  0.86492E-01  0.86734E-01  0.11139E+00  0.12358E+00  0.12800E+00  0.13099E+00  0.11928E+00  0.84893E-01  0.48376E-01  0.13603E-01 
  0.70000E+01  0.66599E-01  0.86490E-01  0.86733E-01  0.11139E+00  0.12358E+00  0.12799E+00  0.13099E+00  0.11927E+00  0.84892E-01  0.48375E-01  0.13603E-01 
  0.80000E+01  0.66597E-01  0.86488E-01  0.86731E-01  0.11139E+00  0.12357E+00  0.12799E+00  0.13098E+00  0.11927E+00  0.84890E-01  0.48374E-01  0.13603E-01 
  0.90000E+01  0.66595E-01  0.86486E-01  0.86728E-01  0.11139E+00  0.12357E+00  0.12799E+00  0.13098E+00  0.11927E+00  0.84888E-01  0.48373E-01  0.13602E-01 
  0.10000E+02  0.66593E-01  0.86483E-01  0.86725E-01  0.11138E+00  0.12357E+00  0.12798E+00  0.13097E+00  0.11926E+00  0.84885E-01  0.48371E-01  0.13602E-01 
  0.11000E+02  0.66590E-01  0.86479E-01  0.86722E-01  0.11138E+00  0.12356E+00  0.12798E+00  0.13097E+00  0.11926E+00  0.84881E-01  0.48369E-01  0.13601E-01 
  0.12000E+02  0.66587E-01  0.86475E-01  0.86717E-01  0.11137E+00  0.12356E+00  0.12797E+00  0.13096E+00  0.11925E+00  0.84877E-01  0.48367E-01  0.13600E-01 
  0.13000E+02  0.66583E-01  0.86469E-01  0.86712E-01  0.11136E+00  0.12355E+00  0.12796E+00  0.13095E+00  0.11925E+00  0.84871E-01  0.48363E-01  0.13600E-01 
  0.14000E+02  0.66577E-01  0.86463E-01  0.86705E-01  0.11136E+00  0.12354E+00  0.12795E+00  0.13094E+00  0.11924E+00  0.84865E-01  0.48360E-01  0.13599E-01 
  0.15000E+02  0.66571E-01  0.86454E-01  0.86697E-01  0.11134E+00  0.12353E+00  0.12794E+00  0.13093E+00  0.11922E+00  0.84857E-01  0.48355E-01  0.13597E-01 
  0.16000E+02  0.66563E-01  0.86444E-01  0.86686E-01  0.11133E+00  0.12351E+00  0.12793E+00  0.13092E+00  0.11921E+00  0.84846E-01  0.48349E-01  0.13596E-01 
  0.17000E+02  0.66553E-01  0.86431E-01  0.86673E-01  0.11131E+00  0.12349E+00  0.12791E+00  0.13090E+00  0.11919E+00  0.84834E-01  0.48342E-01  0.13594E-01 
  0.18000E+02  0.66541E-01  0.86415E-01  0.86658E-01  0.11129E+00  0.12347E+00  0.12788E+00  0.13087E+00  0.11917E+00  0.84818E-01  0.48333E-01  0.13591E-01 
  0.19000E+02  0.66526E-01  0.86396E-01  0.86638E-01  0.11127E+00  0.12344E+00  0.12785E+00  0.13084E+00  0.11914E+00  0.84799E-01  0.48322E-01  0.13588E-01 
  0.20000E+02  0.66507E-01  0.86371E-01  0.86613E-01  0.11124E+00  0.12341E+00  0.12782E+00  0.13081E+00  0.11911E+00  0.84775E-01  0.48309E-01  0.13584E-01 
  0.21000E+02  0.66484E-01  0.86341E-01  0.86583E-01  0.11120E+00  0.12336E+00  0.12777E+00  0.13076E+00  0.11907E+00  0.84746E-01  0.48292E-01  0.13579E-01 
  0.22000E+02  0.66455E-01  0.86304E-01  0.86546E-01  0.11115E+00  0.12331E+00  0.12772E+00  0.13070E+00  0.11902E+00  0.84709E-01  0.48271E-01  0.13574E-01 
  0.23000E+02  0.66420E-01  0.86258E-01  0.86499E-01  0.11109E+00  0.12325E+00  0.12765E+00  0.13063E+00  0.11895E+00  0.84664E-01  0.48245E-01  0.13566E-01 
  0.24000E+02  0.66375E-01  0.86200E-01  0.86442E-01  0.11102E+00  0.12316E+00  0.12757E+00  0.13055E+00  0.11887E+00  0.84607E-01  0.48213E-01  0.13557E-01 
  0.25000E+02  0.66321E-01  0.86129E-01  0.86371E-01  0.11093E+00  0.12306E+00  0.12746E+00  0.13044E+00  0.11878E+00  0.84538E-01  0.48173E-01  0.13546E-01 
  0.26000E+02  0.66253E-01  0.86041E-01  0.86283E-01  0.11081E+00  0.12294E+00  0.12733E+00  0.13031E+00  0.11865E+00  0.84451E-01  0.48124E-01  0.13532E-01 
  0.27000E+02  0.66169E-01  0.85932E-01  0.86173E-01  0.11067E+00  0.12278E+00  0.12717E+00  0.13014E+00  0.11850E+00  0.84344E-01  0.48063E-01  0.13515E-01 
  0.28000E+02  0.66065E-01  0.85797E-01  0.86038E-01  0.11050E+00  0.12259E+00  0.12697E+00  0.12994E+00  0.11832E+00  0.84212E-01  0.47987E-01  0.13494E-01 
  0.29000E+02  0.65936E-01  0.85630E-01  0.85870E-01  0.11028E+00  0.12235E+00  0.12672E+00  0.12968E+00  0.11809E+00  0.84047E-01  0.47894E-01  0.13468E-01 
  0.30000E+02  0.65776E-01  0.85422E-01  0.85662E-01  0.11002E+00  0.12205E+00  0.12641E+00  0.12937E+00  0.11780E+00  0.83844E-01  0.47778E-01  0.13435E-01 
  0.31000E+02  0.65724E-01  0.85354E-01  0.85593E-01  0.10993E+00  0.12195E+00  0.12631E+00  0.12927E+00  0.11771E+00  0.83777E-01  0.47740E-01  0.13424E-01 
  0.32000E+02  0.65665E-01  0.85278E-01  0.85517E-01  0.10983E+00  0.12185E+00  0.12620E+00  0.12915E+00  0.11760E+00  0.83702E-01  0.47697E-01  0.13412E-01 
  0.33000E+02  0.65603E-01  0.85197E-01  0.85435E-01  0.10972E+00  0.12173E+00  0.12608E+00  0.12903E+00  0.11749E+00  0.83622E-01  0.47652E-01  0.13399E-01 
  0.34000E+02  0.65538E-01  0.85113E-01  0.85351E-01  0.10962E+00  0.12161E+00  0.12596E+00  0.12890E+00  0.11737E+00  0.83540E-01  0.47605E-01  0.13386E-01 
  0.35000E+02  0.65472E-01  0.85027E-01  0.85266E-01  0.10951E+00  0.12149E+00  0.12583E+00  0.12877E+00  0.11726E+00  0.83456E-01  0.47557E-01  0.13373E-01 
  0.36000E+02  0.65406E-01  0.84941E-01  0.85179E-01  0.10940E+00  0.12136E+00  0.12570E+00  0.12864E+00  0.11714E+00  0.83372E-01  0.47509E-01  0.13359E-01 
  0.37000E+02  0.65340E-01  0.84855E-01  0.85093E-01  0.10929E+00  0.12124E+00  0.12557E+00  0.12851E+00  0.11702E+00  0.83287E-01  0.47461E-01  0.13346E-01 
  0.38000E+02  0.65274E-01  0.84769E-01  0.85007E-01  0.10917E+00  0.12112E+00  0.12545E+00  0.12838E+00  0.11690E+00  0.83203E-01  0.47413E-01  0.13332E-01 
  0.39000E+02  0.65208E-01  0.84684E-01  0.84921E-01  0.10906E+00  0.12100E+00  0.12532E+00  0.12825E+00  0.11678E+00  0.83119E-01  0.47365E-01  0.13319E-01 
  0.40000E+02  0.65142E-01  0.84599E-01  0.84836E-01  0.10896E+00  0.12088E+00  0.12520E+00  0.12812E+00  0.11667E+00  0.83035E-01  0.47317E-01  0.13305E-01 
  0.41000E+02  0.65077E-01  0.84514E-01  0.84751E-01  0.10885E+00  0.12075E+00  0.12507E+00  0.12799E+00  0.11655E+00  0.82952E-01  0.47270E-01  0.13292E-01 
  0.42000E+02  0.65011E-01  0.84429E-01  0.84665E-01  0.10874E+00  0.12063E+00  0.12494E+00  0.12786E+00  0.11643E+00  0.82868E-01  0.47222E-01  0.13279E-01 
  0.43000E+02  0.64946E-01  0.84343E-01  0.84580E-01  0.10863E+00  0.12051E+00  0.12482E+00  0.12773E+00  0.11631E+00  0.82785E-01  0.47174E-01  0.13265E-01 
  0.44000E+02  0.64880E-01  0.84258E-01  0.84494E-01  0.10852E+00  0.12039E+00  0.12469E+00  0.12761E+00  0.11620E+00  0.82701E-01  0.47127E-01  0.13252E-01 
  0.45000E+02  0.64814E-01  0.84172E-01  0.84408E-01  0.10841E+00  0.12027E+00  0.12456E+00  0.12748E+00  0.11608E+00  0.82617E-01  0.47079E-01  0.13238E-01 
  0.46000E+02  0.64748E-01  0.84086E-01  0.84322E-01  0.10829E+00  0.12014E+00  0.12444E+00  0.12735E+00  0.11596E+00  0.82532E-01  0.47031E-01  0.13225E-01 
  0.47000E+02  0.64682E-01  0.84000E-01  0.84236E-01  0.10818E+00  0.12002E+00  0.12431E+00  0.12722E+00  0.11584E+00  0.82448E-01  0.46983E-01  0.13211E-01 
  0.48000E+02  0.64616E-01  0.83915E-01  0.84150E-01  0.10807E+00  0.11990E+00  0.12418E+00  0.12709E+00  0.11572E+00  0.82364E-01  0.46935E-01  0.13198E-01 
  0.49000E+02  0.64550E-01  0.83829E-01  0.84064E-01  0.10796E+00  0.11978E+00  0.12406E+00  0.12696E+00  0.11560E+00  0.82280E-01  0.46887E-01  0.13184E-01 
  0.50000E+02  0.64484E-01  0.83744E-01  0.83979E-01  0.10785E+00  0.11965E+00  0.12393E+00  0.12683E+00  0.11549E+00  0.82197E-01  0.46839E-01  0.13171E-01 
  0.51000E+02  0.64419E-01  0.83660E-01  0.83895E-01  0.10775E+00  0.11953E+00  0.12381E+00  0.12670E+00  0.11537E+00  0.82114E-01  0.46792E-01  0.13158E-01 
  0.52000E+02  0.64355E-01  0.83576E-01  0.83810E-01  0.10764E+00  0.11941E+00  0.12368E+00  0.12657E+00  0.11526E+00  0.82032E-01  0.46745E-01  0.13145E-01 
  0.53000E+02  0.64290E-01  0.83492E-01  0.83726E-01  0.10753E+00  0.11929E+00  0.12356E+00  0.12645E+00  0.11514E+00  0.81949E-01  0.46698E-01  0.13131E-01 
  0.54000E+02  0.64226E-01  0.83409E-01  0.83643E-01  0.10742E+00  0.11918E+00  0.12343E+00  0.12632E+00  0.11503E+00  0.81868E-01  0.46652E-01  0.13118E-01 
  0.55000E+02  0.64162E-01  0.83326E-01  0.83560E-01  0.10732E+00  0.11906E+00  0.12331E+00  0.12619E+00  0.11491E+00  0.81786E-01  0.46605E-01  0.13105E-01 
  0.56000E+02  0.64099E-01  0.83244E-01  0.83477E-01  0.10721E+00  0.11894E+00  0.12319E+00  0.12607E+00  0.11480E+00  0.81705E-01  0.46559E-01  0.13092E-01 
  0.57000E+02  0.64035E-01  0.83161E-01  0.83394E-01  0.10710E+00  0.11882E+00  0.12307E+00  0.12594E+00  0.11468E+00  0.81624E-01  0.46513E-01  0.13079E-01 
  0.58000E+02  0.63972E-01  0.83079E-01  0.83312E-01  0.10700E+00  0.11870E+00  0.12295E+00  0.12582E+00  0.11457E+00  0.81544E-01  0.46467E-01  0.13066E-01 
  0.59000E+02  0.63909E-01  0.82998E-01  0.83230E-01  0.10689E+00  0.11859E+00  0.12283E+00  0.12570E+00  0.11446E+00  0.81464E-01  0.46422E-01  0.13054E-01 
  0.60000E+02  0.63847E-01  0.82917E-01  0.83149E-01  0.10679E+00  0.11847E+00  0.12271E+00  0.12557E+00  0.11435E+00  0.81385E-01  0.46377E-01  0.13041E-01 
  0.61000E+02  0.63786E-01  0.82837E-01  0.83069E-01  0.10669E+00  0.11836E+00  0.12259E+00  0.12545E+00  0.11424E+00  0.81306E-01  0.46332E-01  0.13028E-01 
  0.62000E+02  0.63725E-01  0.82759E-01  0.82991E-01  0.10659E+00  0.11825E+00  0.12247E+00  0.12533E+00  0.11413E+00  0.81229E-01  0.46288E-01  0.13016E-01 
  0.63000E+02  0.63665E-01  0.82681E-01  0.82913E-01  0.10648E+00  0.11813E+00  0.12236E+00  0.12522E+00  0.11402E+00  0.81153E-01  0.46244E-01  0.13004E-01 
  0.64000E+02  0.63606E-01  0.82604E-01  0.82835E-01  0.10639E+00  0.11802E+00  0.12224E+00  0.12510E+00  0.11391E+00  0.81077E-01  0.46201E-01  0.12992E-01 
  0.65000E+02  0.63547E-01  0.82526E-01  0.82758E-01  0.10629E+00  0.11791E+00  0.12213E+00  0.12498E+00  0.11381E+00  0.81001E-01  0.46158E-01  0.12979E-01 
  0.66000E+02  0.63487E-01  0.82449E-01  0.82681E-01  0.10619E+00  0.11780E+00  0.12201E+00  0.12487E+00  0.11370E+00  0.80926E-01  0.46115E-01  0.12967E-01 
  0.67000E+02  0.63428E-01  0.82372E-01  0.82603E-01  0.10609E+00  0.11769E+00  0.12190E+00  0.12475E+00  0.11360E+00  0.80850E-01  0.46072E-01  0.12955E-01 
  0.68000E+02  0.63369E-01  0.82295E-01  0.82526E-01  0.10599E+00  0.11758E+00  0.12179E+00  0.12463E+00  0.11349E+00  0.80775E-01  0.46029E-01  0.12943E-01 
  0.69000E+02  0.63310E-01  0.82219E-01  0.82449E-01  0.10589E+00  0.11748E+00  0.12167E+00  0.12452E+00  0.11338E+00  0.80700E-01  0.45986E-01  0.12931E-01 
  0.70000E+02  0.63251E-01  0.82143E-01  0.82374E-01  0.10579E+00  0.11737E+00  0.12156E+00  0.12440E+00  0.11328E+00  0.80625E-01  0.45944E-01  0.12919E-01 
  0.71000E+02  0.63194E-01  0.82068E-01  0.82298E-01  0.10570E+00  0.11726E+00  0.12145E+00  0.12429E+00  0.11318E+00  0.80552E-01  0.45902E-01  0.12907E-01 
  0.72000E+02  0.63136E-01  0.81994E-01  0.82224E-01  0.10560E+00  0.11715E+00  0.12134E+00  0.12418E+00  0.11307E+00  0.80479E-01  0.45860E-01  0.12896E-01 
  0.73000E+02  0.63080E-01  0.81920E-01  0.82150E-01  0.10551E+00  0.11705E+00  0.12123E+00  0.12406E+00  0.11297E+00  0.80406E-01  0.45819E-01  0.12884E-01 
  0.74000E+02  0.63024E-01  0.81847E-01  0.82077E-01  0.10541E+00  0.11694E+00  0.12112E+00  0.12395E+00  0.11287E+00  0.80335E-01  0.45778E-01  0.12873E-01 
  0.75000E+02  0.62968E-01  0.81775E-01  0.82004E-01  0.10532E+00  0.11684E+00  0.12102E+00  0.12384E+00  0.11277E+00  0.80264E-01  0.45738E-01  0.12861E-01 
  0.76000E+02  0.62912E-01  0.81703E-01  0.81932E-01  0.10523E+00  0.11674E+00  0.12091E+00  0.12374E+00  0.11267E+00  0.80193E-01  0.45697E-01  0.12850E-01 
  0.77000E+02  0.62857E-01  0.81631E-01  0.81860E-01  0.10513E+00  0.11663E+00  0.12080E+00  0.12363E+00  0.11257E+00  0.80123E-01  0.45657E-01  0.12839E-01 
  0.78000E+02  0.62802E-01  0.81559E-01  0.81788E-01  0.10504E+00  0.11653E+00  0.12070E+00  0.12352E+00  0.11247E+00  0.80052E-01  0.45617E-01  0.12827E-01 
  0.79000E+02  0.62747E-01  0.81488E-01  0.81717E-01  0.10495E+00  0.11643E+00  0.12059E+00  0.12341E+00  0.11238E+00  0.79982E-01  0.45577E-01  0.12816E-01 
  0.80000E+02  0.62692E-01  0.81417E-01  0.81645E-01  0.10486E+00  0.11633E+00  0.12049E+00  0.12330E+00  0.11228E+00  0.79912E-01  0.45538E-01  0.12805E-01 
  0.81000E+02  0.62638E-01  0.81346E-01  0.81574E-01  0.10477E+00  0.11623E+00  0.12038E+00  0.12320E+00  0.11218E+00  0.79843E-01  0.45498E-01  0.12794E-01 
  0.82000E+02  0.62584E-01  0.81276E-01  0.81504E-01  0.10468E+00  0.11613E+00  0.12028E+00  0.12309E+00  0.11208E+00  0.79774E-01  0.45459E-01  0.12783E-01 
  0.83000E+02  0.62530E-01  0.81206E-01  0.81434E-01  0.10459E+00  0.11603E+00  0.12017E+00  0.12298E+00  0.11199E+00  0.79705E-01  0.45420E-01  0.12772E-01 
  0.84000E+02  0.62477E-01  0.81137E-01  0.81364E-01  0.10450E+00  0.11593E+00  0.12007E+00  0.12288E+00  0.11189E+00  0.79637E-01  0.45381E-01  0.12761E-01 
  0.85000E+02  0.62424E-01  0.81068E-01  0.81296E-01  0.10441E+00  0.11583E+00  0.11997E+00  0.12277E+00  0.11180E+00  0.79570E-01  0.45343E-01  0.12750E-01 
  0.86000E+02  0.62371E-01  0.81000E-01  0.81227E-01  0.10432E+00  0.11573E+00  0.11987E+00  0.12267E+00  0.11170E+00  0.79503E-01  0.45305E-01  0.12739E-01 
  0.87000E+02  0.62320E-01  0.80933E-01  0.81160E-01  0.10423E+00  0.11564E+00  0.11977E+00  0.12257E+00  0.11161E+00  0.79437E-01  0.45267E-01  0.12729E-01 
  0.88000E+02  0.62268E-01  0.80866E-01  0.81093E-01  0.10415E+00  0.11554E+00  0.11967E+00  0.12247E+00  0.11152E+00  0.79372E-01  0.45229E-01  0.12718E-01 
  0.89000E+02  0.62217E-01  0.80799E-01  0.81026E-01  0.10406E+00  0.11545E+00  0.11957E+00  0.12237E+00  0.11143E+00  0.79306E-01  0.45192E-01  0.12708E-01 
  0.90000E+02  0.62166E-01  0.80733E-01  0.80959E-01  0.10398E+00  0.11535E+00  0.11947E+00  0.12227E+00  0.11133E+00  0.79241E-01  0.45155E-01  0.12697E-01 
  0.91000E+02  0.62115E-01  0.80667E-01  0.80893E-01  0.10389E+00  0.11526E+00  0.11938E+00  0.12217E+00  0.11124E+00  0.79177E-01  0.45118E-01  0.12687E-01 
  0.92000E+02  0.62065E-01  0.80602E-01  0.80828E-01  0.10381E+00  0.11516E+00  0.11928E+00  0.12207E+00  0.11115E+00  0.79112E-01  0.45082E-01  0.12677E-01 
  0.93000E+02  0.62015E-01  0.80537E-01  0.80763E-01  0.10372E+00  0.11507E+00  0.11918E+00  0.12197E+00  0.11106E+00  0.79049E-01  0.45046E-01  0.12667E-01 
  0.94000E+02  0.61966E-01  0.80473E-01  0.80699E-01  0.10364E+00  0.11498E+00  0.11909E+00  0.12187E+00  0.11098E+00  0.78986E-01  0.45010E-01  0.12657E-01 
  0.95000E+02  0.61917E-01  0.80410E-01  0.80635E-01  0.10356E+00  0.11489E+00  0.11900E+00  0.12178E+00  0.11089E+00  0.78924E-01  0.44974E-01  0.12647E-01 
  0.96000E+02  0.61868E-01  0.80347E-01  0.80572E-01  0.10348E+00  0.11480E+00  0.11890E+00  0.12168E+00  0.11080E+00  0.78862E-01  0.44939E-01  0.12637E-01 
  0.97000E+02  0.61820E-01  0.80285E-01  0.80510E-01  0.10340E+00  0.11471E+00  0.11881E+00  0.12159E+00  0.11072E+00  0.78801E-01  0.44904E-01  0.12627E-01 
  0.98000E+02  0.61772E-01  0.80222E-01  0.80447E-01  0.10332E+00  0.11462E+00  0.11872E+00  0.12149E+00  0.11063E+00  0.78740E-01  0.44869E-01  0.12617E-01 
  0.99000E+02  0.61724E-01  0.80160E-01  0.80385E-01  0.10324E+00  0.11453E+00  0.11863E+00  0.12140E+00  0.11054E+00  0.78679E-01  0.44834E-01  0.12607E-01 
  0.10000E+03  0.61676E-01  0.80098E-01  0.80322E-01  0.10316E+00  0.11444E+00  0.11853E+00  0.12130E+00  0.11046E+00  0.78617E-01  0.44800E-01  0.12597E-01 
  0.10100E+03  0.61628E-01  0.80035E-01  0.80260E-01  0.10308E+00  0.11436E+00  0.11844E+00  0.12121E+00  0.11037E+00  0.78556E-01  0.44765E-01  0.12588E-01 
  0.10200E+03  0.61580E-01  0.79973E-01  0.80197E-01  0.10300E+00  0.11427E+00  0.11835E+00  0.12112E+00  0.11029E+00  0.78495E-01  0.44730E-01  0.12578E-01 
  0.10300E+03  0.61533E-01  0.79911E-01  0.80135E-01  0.10292E+00  0.11418E+00  0.11826E+00  0.12102E+00  0.11020E+00  0.78434E-01  0.44695E-01  0.12568E-01 
  0.10400E+03  0.61485E-01  0.79850E-01  0.80073E-01  0.10284E+00  0.11409E+00  0.11817E+00  0.12093E+00  0.11012E+00  0.78374E-01  0.44661E-01  0.12558E-01 
  0.10500E+03  0.61438E-01  0.79788E-01  0.80012E-01  0.10276E+00  0.11400E+00  0.11808E+00  0.12084E+00  0.11003E+00  0.78314E-01  0.44627E-01  0.12549E-01 
  0.10600E+03  0.61391E-01  0.79727E-01  0.79951E-01  0.10268E+00  0.11391E+00  0.11799E+00  0.12074E+00  0.10995E+00  0.78254E-01  0.44592E-01  0.12539E-01 
  0.10700E+03  0.61344E-01  0.79666E-01  0.79889E-01  0.10260E+00  0.11383E+00  0.11790E+00  0.12065E+00  0.10986E+00  0.78194E-01  0.44558E-01  0.12530E-01 
  0.10800E+03  0.61297E-01  0.79605E-01  0.79828E-01  0.10252E+00  0.11374E+00  0.11781E+00  0.12056E+00  0.10978E+00  0.78134E-01  0.44524E-01  0.12520E-01 
  0.10900E+03  0.61250E-01  0.79544E-01  0.79767E-01  0.10245E+00  0.11365E+00  0.11772E+00  0.12047E+00  0.10970E+00  0.78074E-01  0.44490E-01  0.12510E-01 
  0.11000E+03  0.61204E-01  0.79484E-01  0.79707E-01  0.10237E+00  0.11357E+00  0.11763E+00  0.12038E+00  0.10961E+00  0.78015E-01  0.44456E-01  0.12501E-01 
  0.11100E+03  0.61158E-01  0.79424E-01  0.79647E-01  0.10229E+00  0.11348E+00  0.11754E+00  0.12028E+00  0.10953E+00  0.77956E-01  0.44423E-01  0.12492E-01 
  0.11200E+03  0.61112E-01  0.79364E-01  0.79587E-01  0.10221E+00  0.11340E+00  0.11745E+00  0.12019E+00  0.10945E+00  0.77898E-01  0.44390E-01  0.12482E-01 
  0.11300E+03  0.61067E-01  0.79306E-01  0.79528E-01  0.10214E+00  0.11331E+00  0.11736E+00  0.12011E+00  0.10937E+00  0.77840E-01  0.44357E-01  0.12473E-01 
  0.11400E+03  0.61022E-01  0.79248E-01  0.79470E-01  0.10206E+00  0.11323E+00  0.11728E+00  0.12002E+00  0.10929E+00  0.77784E-01  0.44325E-01  0.12464E-01 
  0.11500E+03  0.60978E-01  0.79191E-01  0.79413E-01  0.10199E+00  0.11315E+00  0.11719E+00  0.11993E+00  0.10921E+00  0.77728E-01  0.44293E-01  0.12455E-01 
  0.11600E+03  0.60935E-01  0.79135E-01  0.79357E-01  0.10192E+00  0.11307E+00  0.11711E+00  0.11985E+00  0.10913E+00  0.77672E-01  0.44261E-01  0.12446E-01 
  0.11700E+03  0.60892E-01  0.79079E-01  0.79301E-01  0.10185E+00  0.11299E+00  0.11703E+00  0.11976E+00  0.10905E+00  0.77618E-01  0.44230E-01  0.12437E-01 
  0.11800E+03  0.60849E-01  0.79023E-01  0.79245E-01  0.10177E+00  0.11291E+00  0.11694E+00  0.11968E+00  0.10898E+00  0.77563E-01  0.44199E-01  0.12429E-01 
  0.11900E+03  0.60807E-01  0.78968E-01  0.79190E-01  0.10170E+00  0.11283E+00  0.11686E+00  0.11959E+00  0.10890E+00  0.77509E-01  0.44168E-01  0.12420E-01 
  0.12000E+03  0.60764E-01  0.78913E-01  0.79135E-01  0.10163E+00  0.11275E+00  0.11678E+00  0.11951E+00  0.10883E+00  0.77455E-01  0.44137E-01  0.12411E-01 
  0.12100E+03  0.60722E-01  0.78859E-01  0.79080E-01  0.10156E+00  0.11267E+00  0.11670E+00  0.11943E+00  0.10875E+00  0.77401E-01  0.44107E-01  0.12403E-01 
  0.12200E+03  0.60681E-01  0.78804E-01  0.79025E-01  0.10149E+00  0.11260E+00  0.11662E+00  0.11935E+00  0.10867E+00  0.77348E-01  0.44076E-01  0.12394E-01 
  0.12300E+03  0.60639E-01  0.78751E-01  0.78971E-01  0.10142E+00  0.11252E+00  0.11654E+00  0.11926E+00  0.10860E+00  0.77295E-01  0.44046E-01  0.12386E-01 
  0.12400E+03  0.60598E-01  0.78698E-01  0.78918E-01  0.10135E+00  0.11244E+00  0.11646E+00  0.11918E+00  0.10853E+00  0.77243E-01  0.44017E-01  0.12377E-01 
  0.12500E+03  0.60558E-01  0.78645E-01  0.78865E-01  0.10129E+00  0.11237E+00  0.11638E+00  0.11910E+00  0.10846E+00  0.77192E-01  0.43987E-01  0.12369E-01 
  0.12600E+03  0.60518E-01  0.78593E-01  0.78813E-01  0.10122E+00  0.11229E+00  0.11631E+00  0.11903E+00  0.10838E+00  0.77141E-01  0.43958E-01  0.12361E-01 
  0.12700E+03  0.60478E-01  0.78542E-01  0.78762E-01  0.10115E+00  0.11222E+00  0.11623E+00  0.11895E+00  0.10831E+00  0.77091E-01  0.43930E-01  0.12353E-01 
  0.12800E+03  0.60440E-01  0.78492E-01  0.78712E-01  0.10109E+00  0.11215E+00  0.11616E+00  0.11887E+00  0.10824E+00  0.77041E-01  0.43901E-01  0.12345E-01 
  0.12900E+03  0.60401E-01  0.78442E-01  0.78662E-01  0.10103E+00  0.11208E+00  0.11608E+00  0.11880E+00  0.10817E+00  0.76992E-01  0.43873E-01  0.12337E-01 
  0.13000E+03  0.60363E-01  0.78392E-01  0.78612E-01  0.10096E+00  0.11201E+00  0.11601E+00  0.11872E+00  0.10811E+00  0.76944E-01  0.43846E-01  0.12329E-01 
  0.13100E+03  0.60326E-01  0.78344E-01  0.78563E-01  0.10090E+00  0.11194E+00  0.11594E+00  0.11865E+00  0.10804E+00  0.76896E-01  0.43819E-01  0.12322E-01 
  0.13200E+03  0.60288E-01  0.78295E-01  0.78515E-01  0.10084E+00  0.11187E+00  0.11587E+00  0.11857E+00  0.10797E+00  0.76848E-01  0.43791E-01  0.12314E-01 
  0.13300E+03  0.60251E-01  0.78247E-01  0.78466E-01  0.10077E+00  0.11180E+00  0.11579E+00  0.11850E+00  0.10791E+00  0.76801E-01  0.43764E-01  0.12306E-01 
  0.13400E+03  0.60214E-01  0.78199E-01  0.78418E-01  0.10071E+00  0.11173E+00  0.11572E+00  0.11843E+00  0.10784E+00  0.76754E-01  0.43738E-01  0.12299E-01 
  0.13500E+03  0.60178E-01  0.78151E-01  0.78370E-01  0.10065E+00  0.11166E+00  0.11565E+00  0.11836E+00  0.10777E+00  0.76707E-01  0.43711E-01  0.12291E-01 
  0.13600E+03  0.60141E-01  0.78104E-01  0.78323E-01  0.10059E+00  0.11160E+00  0.11558E+00  0.11829E+00  0.10771E+00  0.76661E-01  0.43685E-01  0.12284E-01 
  0.13700E+03  0.60105E-01  0.78057E-01  0.78276E-01  0.10053E+00  0.11153E+00  0.11551E+00  0.11821E+00  0.10764E+00  0.76615E-01  0.43658E-01  0.12277E-01 
  0.13800E+03  0.60069E-01  0.78010E-01  0.78229E-01  0.10047E+00  0.11146E+00  0.11545E+00  0.11814E+00  0.10758E+00  0.76569E-01  0.43632E-01  0.12269E-01 
  0.13900E+03  0.60034E-01  0.77964E-01  0.78183E-01  0.10041E+00  0.11140E+00  0.11538E+00  0.11807E+00  0.10752E+00  0.76523E-01  0.43606E-01  0.12262E-01 
  0.14000E+03  0.59998E-01  0.77918E-01  0.78137E-01  0.10035E+00  0.11133E+00  0.11531E+00  0.11800E+00  0.10745E+00  0.76479E-01  0.43581E-01  0.12255E-01 
  0.14100E+03  0.59963E-01  0.77873E-01  0.78091E-01  0.10029E+00  0.11127E+00  0.11524E+00  0.11794E+00  0.10739E+00  0.76434E-01  0.43555E-01  0.12248E-01 
  0.14200E+03  0.59929E-01  0.77828E-01  0.78047E-01  0.10024E+00  0.11120E+00  0.11518E+00  0.11787E+00  0.10733E+00  0.76390E-01  0.43530E-01  0.12241E-01 
  0.14300E+03  0.59895E-01  0.77784E-01  0.78002E-01  0.10018E+00  0.11114E+00  0.11511E+00  0.11780E+00  0.10727E+00  0.76346E-01  0.43506E-01  0.12234E-01 
  0.14400E+03  0.59861E-01  0.77740E-01  0.77958E-01  0.10012E+00  0.11108E+00  0.11504E+00  0.11773E+00  0.10721E+00  0.76303E-01  0.43481E-01  0.12227E-01 
  0.14500E+03  0.59827E-01  0.77696E-01  0.77914E-01  0.10006E+00  0.11101E+00  0.11498E+00  0.11767E+00  0.10715E+00  0.76260E-01  0.43456E-01  0.12220E-01 
  0.14600E+03  0.59793E-01  0.77652E-01  0.77870E-01  0.10001E+00  0.11095E+00  0.11491E+00  0.11760E+00  0.10709E+00  0.76217E-01  0.43432E-01  0.12213E-01 
  0.14700E+03  0.59760E-01  0.77609E-01  0.77826E-01  0.99952E-01  0.11089E+00  0.11485E+00  0.11754E+00  0.10703E+00  0.76175E-01  0.43408E-01  0.12206E-01 
  0.14800E+03  0.59726E-01  0.77565E-01  0.77783E-01  0.99897E-01  0.11083E+00  0.11479E+00  0.11747E+00  0.10697E+00  0.76132E-01  0.43383E-01  0.12199E-01 
  0.14900E+03  0.59693E-01  0.77522E-01  0.77740E-01  0.99841E-01  0.11076E+00  0.11472E+00  0.11740E+00  0.10691E+00  0.76090E-01  0.43359E-01  0.12192E-01 
  0.15000E+03  0.59661E-01  0.77480E-01  0.77697E-01  0.99787E-01  0.11070E+00  0.11466E+00  0.11734E+00  0.10685E+00  0.76048E-01  0.43336E-01  0.12186E-01 
  0.15100E+03  0.59628E-01  0.77438E-01  0.77655E-01  0.99732E-01  0.11064E+00  0.11460E+00  0.11728E+00  0.10679E+00  0.76007E-01  0.43312E-01  0.12179E-01 
  0.15200E+03  0.59596E-01  0.77396E-01  0.77613E-01  0.99679E-01  0.11058E+00  0.11454E+00  0.11721E+00  0.10673E+00  0.75966E-01  0.43289E-01  0.12173E-01 
  0.15300E+03  0.59565E-01  0.77355E-01  0.77572E-01  0.99626E-01  0.11053E+00  0.11448E+00  0.11715E+00  0.10668E+00  0.75926E-01  0.43266E-01  0.12166E-01 
  0.15400E+03  0.59533E-01  0.77314E-01  0.77531E-01  0.99573E-01  0.11047E+00  0.11442E+00  0.11709E+00  0.10662E+00  0.75886E-01  0.43243E-01  0.12160E-01 
  0.15500E+03  0.59502E-01  0.77274E-01  0.77491E-01  0.99522E-01  0.11041E+00  0.11436E+00  0.11703E+00  0.10656E+00  0.75846E-01  0.43220E-01  0.12153E-01 
  0.15600E+03  0.59471E-01  0.77234E-01  0.77451E-01  0.99470E-01  0.11035E+00  0.11430E+00  0.11697E+00  0.10651E+00  0.75807E-01  0.43198E-01  0.12147E-01 
  0.15700E+03  0.59441E-01  0.77194E-01  0.77411E-01  0.99419E-01  0.11030E+00  0.11424E+00  0.11691E+00  0.10645E+00  0.75768E-01  0.43176E-01  0.12141E-01 
  0.15800E+03  0.59410E-01  0.77155E-01  0.77371E-01  0.99368E-01  0.11024E+00  0.11418E+00  0.11685E+00  0.10640E+00  0.75729E-01  0.43154E-01  0.12135E-01 
  0.15900E+03  0.59380E-01  0.77116E-01  0.77332E-01  0.99317E-01  0.11018E+00  0.11412E+00  0.11679E+00  0.10635E+00  0.75690E-01  0.43132E-01  0.12128E-01 
  0.16000E+03  0.59350E-01  0.77077E-01  0.77293E-01  0.99267E-01  0.11013E+00  0.11406E+00  0.11673E+00  0.10629E+00  0.75652E-01  0.43110E-01  0.12122E-01 
  0.16100E+03  0.59320E-01  0.77038E-01  0.77254E-01  0.99218E-01  0.11007E+00  0.11401E+00  0.11667E+00  0.10624E+00  0.75614E-01  0.43088E-01  0.12116E-01 
  0.16200E+03  0.59291E-01  0.77000E-01  0.77216E-01  0.99168E-01  0.11002E+00  0.11395E+00  0.11661E+00  0.10619E+00  0.75577E-01  0.43067E-01  0.12110E-01 
  0.16300E+03  0.59262E-01  0.76962E-01  0.77178E-01  0.99119E-01  0.10996E+00  0.11389E+00  0.11656E+00  0.10613E+00  0.75540E-01  0.43046E-01  0.12104E-01 
  0.16400E+03  0.59233E-01  0.76924E-01  0.77140E-01  0.99071E-01  0.10991E+00  0.11384E+00  0.11650E+00  0.10608E+00  0.75503E-01  0.43025E-01  0.12098E-01 
  0.16500E+03  0.59204E-01  0.76887E-01  0.77103E-01  0.99023E-01  0.10986E+00  0.11378E+00  0.11644E+00  0.10603E+00  0.75466E-01  0.43004E-01  0.12093E-01 
  0.16600E+03  0.59176E-01  0.76850E-01  0.77066E-01  0.98976E-01  0.10980E+00  0.11373E+00  0.11639E+00  0.10598E+00  0.75430E-01  0.42983E-01  0.12087E-01 
  0.16700E+03  0.59148E-01  0.76814E-01  0.77029E-01  0.98928E-01  0.10975E+00  0.11367E+00  0.11633E+00  0.10593E+00  0.75394E-01  0.42963E-01  0.12081E-01 
  0.16800E+03  0.59120E-01  0.76777E-01  0.76992E-01  0.98882E-01  0.10970E+00  0.11362E+00  0.11628E+00  0.10588E+00  0.75358E-01  0.42942E-01  0.12075E-01 
  0.16900E+03  0.59092E-01  0.76741E-01  0.76956E-01  0.98835E-01  0.10965E+00  0.11357E+00  0.11622E+00  0.10583E+00  0.75323E-01  0.42922E-01  0.12070E-01 
  0.17000E+03  0.59064E-01  0.76705E-01  0.76920E-01  0.98789E-01  0.10960E+00  0.11351E+00  0.11617E+00  0.10578E+00  0.75288E-01  0.42902E-01  0.12064E-01 
  0.17100E+03  0.59036E-01  0.76669E-01  0.76884E-01  0.98743E-01  0.10955E+00  0.11346E+00  0.11611E+00  0.10573E+00  0.75252E-01  0.42882E-01  0.12058E-01 
  0.17200E+03  0.59009E-01  0.76634E-01  0.76849E-01  0.98697E-01  0.10950E+00  0.11341E+00  0.11606E+00  0.10568E+00  0.75218E-01  0.42862E-01  0.12053E-01 
  0.17300E+03  0.58982E-01  0.76599E-01  0.76814E-01  0.98652E-01  0.10944E+00  0.11336E+00  0.11601E+00  0.10563E+00  0.75183E-01  0.42843E-01  0.12047E-01 
  0.17400E+03  0.58955E-01  0.76564E-01  0.76779E-01  0.98607E-01  0.10940E+00  0.11330E+00  0.11595E+00  0.10559E+00  0.75149E-01  0.42823E-01  0.12042E-01 
  0.17500E+03  0.58929E-01  0.76529E-01  0.76744E-01  0.98562E-01  0.10935E+00  0.11325E+00  0.11590E+00  0.10554E+00  0.75115E-01  0.42804E-01  0.12036E-01 
  0.17600E+03  0.58902E-01  0.76495E-01  0.76709E-01  0.98518E-01  0.10930E+00  0.11320E+00  0.11585E+00  0.10549E+00  0.75081E-01  0.42785E-01  0.12031E-01 
  0.17700E+03  0.58876E-01  0.76461E-01  0.76675E-01  0.98474E-01  0.10925E+00  0.11315E+00  0.11580E+00  0.10544E+00  0.75048E-01  0.42765E-01  0.12025E-01 
  0.17800E+03  0.58850E-01  0.76427E-01  0.76641E-01  0.98430E-01  0.10920E+00  0.11310E+00  0.11575E+00  0.10540E+00  0.75014E-01  0.42746E-01  0.12020E-01 
  0.17900E+03  0.58824E-01  0.76393E-01  0.76607E-01  0.98386E-01  0.10915E+00  0.11305E+00  0.11569E+00  0.10535E+00  0.74981E-01  0.42727E-01  0.12015E-01 
  0.18000E+03  0.58798E-01  0.76359E-01  0.76573E-01  0.98343E-01  0.10910E+00  0.11300E+00  0.11564E+00  0.10530E+00  0.74948E-01  0.42709E-01  0.12010E-01 
  0.18100E+03  0.58772E-01  0.76326E-01  0.76540E-01  0.98300E-01  0.10905E+00  0.11295E+00  0.11559E+00  0.10526E+00  0.74915E-01  0.42690E-01  0.12004E-01 
  0.18200E+03  0.58747E-01  0.76293E-01  0.76507E-01  0.98258E-01  0.10901E+00  0.11290E+00  0.11554E+00  0.10521E+00  0.74883E-01  0.42672E-01  0.11999E-01 
  0.18300E+03  0.58722E-01  0.76260E-01  0.76474E-01  0.98216E-01  0.10896E+00  0.11286E+00  0.11549E+00  0.10517E+00  0.74851E-01  0.42653E-01  0.11994E-01 
  0.18400E+03  0.58697E-01  0.76228E-01  0.76442E-01  0.98175E-01  0.10892E+00  0.11281E+00  0.11544E+00  0.10512E+00  0.74820E-01  0.42635E-01  0.11989E-01 
  0.18500E+03  0.58672E-01  0.76196E-01  0.76410E-01  0.98134E-01  0.10887E+00  0.11276E+00  0.11540E+00  0.10508E+00  0.74788E-01  0.42618E-01  0.11984E-01 
  0.18600E+03  0.58648E-01  0.76165E-01  0.76378E-01  0.98093E-01  0.10882E+00  0.11271E+00  0.11535E+00  0.10503E+00  0.74757E-01  0.42600E-01  0.11979E-01 
  0.18700E+03  0.58624E-01  0.76133E-01  0.76347E-01  0.98053E-01  0.10878E+00  0.11267E+00  0.11530E+00  0.10499E+00  0.74727E-01  0.42582E-01  0.11974E-01 
  0.18800E+03  0.58600E-01  0.76102E-01  0.76316E-01  0.98012E-01  0.10874E+00  0.11262E+00  0.11525E+00  0.10495E+00  0.74696E-01  0.42565E-01  0.11969E-01 
  0.18900E+03  0.58576E-01  0.76071E-01  0.76284E-01  0.97972E-01  0.10869E+00  0.11258E+00  0.11521E+00  0.10491E+00  0.74665E-01  0.42548E-01  0.11964E-01 
  0.19000E+03  0.58552E-01  0.76040E-01  0.76253E-01  0.97932E-01  0.10865E+00  0.11253E+00  0.11516E+00  0.10486E+00  0.74635E-01  0.42530E-01  0.11959E-01 
  0.19100E+03  0.58528E-01  0.76009E-01  0.76223E-01  0.97893E-01  0.10860E+00  0.11248E+00  0.11511E+00  0.10482E+00  0.74605E-01  0.42513E-01  0.11955E-01 
  0.19200E+03  0.58505E-01  0.75979E-01  0.76192E-01  0.97853E-01  0.10856E+00  0.11244E+00  0.11507E+00  0.10478E+00  0.74575E-01  0.42496E-01  0.11950E-01 
  0.19300E+03  0.58481E-01  0.75948E-01  0.76161E-01  0.97814E-01  0.10852E+00  0.11239E+00  0.11502E+00  0.10474E+00  0.74545E-01  0.42479E-01  0.11945E-01 
  0.19400E+03  0.58458E-01  0.75918E-01  0.76131E-01  0.97775E-01  0.10847E+00  0.11235E+00  0.11497E+00  0.10469E+00  0.74515E-01  0.42462E-01  0.11940E-01 
  0.19500E+03  0.58434E-01  0.75887E-01  0.76100E-01  0.97736E-01  0.10843E+00  0.11230E+00  0.11493E+00  0.10465E+00  0.74485E-01  0.42445E-01  0.11935E-01 
  0.19600E+03  0.58411E-01  0.75857E-01  0.76070E-01  0.97696E-01  0.10839E+00  0.11226E+00  0.11488E+00  0.10461E+00  0.74455E-01  0.42428E-01  0.11931E-01 
  0.19700E+03  0.58388E-01  0.75827E-01  0.76039E-01  0.97658E-01  0.10834E+00  0.11221E+00  0.11484E+00  0.10457E+00  0.74426E-01  0.42411E-01  0.11926E-01 
  0.19800E+03  0.58365E-01  0.75797E-01  0.76009E-01  0.97619E-01  0.10830E+00  0.11217E+00  0.11479E+00  0.10453E+00  0.74396E-01  0.42394E-01  0.11921E-01 
  0.19900E+03  0.58342E-01  0.75767E-01  0.75979E-01  0.97580E-01  0.10826E+00  0.11213E+00  0.11475E+00  0.10449E+00  0.74367E-01  0.42377E-01  0.11916E-01 
  0.20000E+03  0.58319E-01  0.75737E-01  0.75950E-01  0.97542E-01  0.10821E+00  0.11208E+00  0.11470E+00  0.10445E+00  0.74338E-01  0.42361E-01  0.11912E-01 
  0.20100E+03  0.58296E-01  0.75708E-01  0.75920E-01  0.97504E-01  0.10817E+00  0.11204E+00  0.11466E+00  0.10440E+00  0.74309E-01  0.42344E-01  0.11907E-01 
  0.20200E+03  0.58274E-01  0.75679E-01  0.75891E-01  0.97467E-01  0.10813E+00  0.11199E+00  0.11461E+00  0.10436E+00  0.74280E-01  0.42328E-01  0.11902E-01 
  0.20300E+03  0.58251E-01  0.75649E-01  0.75862E-01  0.97429E-01  0.10809E+00  0.11195E+00  0.11457E+00  0.10432E+00  0.74252E-01  0.42312E-01  0.11898E-01 
  0.20400E+03  0.58229E-01  0.75621E-01  0.75833E-01  0.97392E-01  0.10805E+00  0.11191E+00  0.11452E+00  0.10428E+00  0.74223E-01  0.42296E-01  0.11893E-01 
  0.20500E+03  0.58207E-01  0.75592E-01  0.75804E-01  0.97355E-01  0.10801E+00  0.11187E+00  0.11448E+00  0.10424E+00  0.74195E-01  0.42279E-01  0.11889E-01 
  0.20600E+03  0.58185E-01  0.75563E-01  0.75775E-01  0.97318E-01  0.10797E+00  0.11182E+00  0.11444E+00  0.10421E+00  0.74167E-01  0.42263E-01  0.11884E-01 
  0.20700E+03  0.58163E-01  0.75535E-01  0.75747E-01  0.97281E-01  0.10792E+00  0.11178E+00  0.11439E+00  0.10417E+00  0.74139E-01  0.42248E-01  0.11880E-01 
  0.20800E+03  0.58141E-01  0.75507E-01  0.75718E-01  0.97245E-01  0.10788E+00  0.11174E+00  0.11435E+00  0.10413E+00  0.74111E-01  0.42232E-01  0.11875E-01 
  0.20900E+03  0.58119E-01  0.75478E-01  0.75690E-01  0.97209E-01  0.10784E+00  0.11170E+00  0.11431E+00  0.10409E+00  0.74084E-01  0.42216E-01  0.11871E-01 
  0.21000E+03  0.58098E-01  0.75450E-01  0.75662E-01  0.97173E-01  0.10780E+00  0.11166E+00  0.11427E+00  0.10405E+00  0.74056E-01  0.42200E-01  0.11867E-01 
  0.21100E+03  0.58076E-01  0.75422E-01  0.75634E-01  0.97136E-01  0.10776E+00  0.11161E+00  0.11422E+00  0.10401E+00  0.74028E-01  0.42185E-01  0.11862E-01 
  0.21200E+03  0.58054E-01  0.75394E-01  0.75605E-01  0.97100E-01  0.10772E+00  0.11157E+00  0.11418E+00  0.10397E+00  0.74001E-01  0.42169E-01  0.11858E-01 
  0.21300E+03  0.58033E-01  0.75366E-01  0.75577E-01  0.97064E-01  0.10768E+00  0.11153E+00  0.11414E+00  0.10393E+00  0.73973E-01  0.42153E-01  0.11853E-01 
  0.21400E+03  0.58011E-01  0.75338E-01  0.75549E-01  0.97028E-01  0.10764E+00  0.11149E+00  0.11410E+00  0.10389E+00  0.73946E-01  0.42137E-01  0.11849E-01 
  0.21500E+03  0.57990E-01  0.75310E-01  0.75521E-01  0.96992E-01  0.10760E+00  0.11145E+00  0.11405E+00  0.10386E+00  0.73919E-01  0.42122E-01  0.11845E-01 
  0.21600E+03  0.57969E-01  0.75283E-01  0.75494E-01  0.96957E-01  0.10756E+00  0.11141E+00  0.11401E+00  0.10382E+00  0.73892E-01  0.42107E-01  0.11840E-01 
  0.21700E+03  0.57948E-01  0.75256E-01  0.75467E-01  0.96922E-01  0.10753E+00  0.11137E+00  0.11397E+00  0.10378E+00  0.73865E-01  0.42092E-01  0.11836E-01 
  0.21800E+03  0.57927E-01  0.75229E-01  0.75440E-01  0.96888E-01  0.10749E+00  0.11133E+00  0.11393E+00  0.10374E+00  0.73839E-01  0.42077E-01  0.11832E-01 
  0.21900E+03  0.57907E-01  0.75203E-01  0.75413E-01  0.96854E-01  0.10745E+00  0.11129E+00  0.11389E+00  0.10371E+00  0.73813E-01  0.42062E-01  0.11828E-01 
  0.22000E+03  0.57887E-01  0.75176E-01  0.75387E-01  0.96820E-01  0.10741E+00  0.11125E+00  0.11385E+00  0.10367E+00  0.73787E-01  0.42047E-01  0.11823E-01 
  0.22100E+03  0.57867E-01  0.75150E-01  0.75361E-01  0.96787E-01  0.10738E+00  0.11121E+00  0.11381E+00  0.10364E+00  0.73762E-01  0.42033E-01  0.11819E-01 
  0.22200E+03  0.57847E-01  0.75125E-01  0.75335E-01  0.96753E-01  0.10734E+00  0.11117E+00  0.11377E+00  0.10360E+00  0.73737E-01  0.42018E-01  0.11815E-01 
  0.22300E+03  0.57828E-01  0.75099E-01  0.75310E-01  0.96721E-01  0.10730E+00  0.11114E+00  0.11373E+00  0.10357E+00  0.73711E-01  0.42004E-01  0.11811E-01 
  0.22400E+03  0.57808E-01  0.75074E-01  0.75284E-01  0.96688E-01  0.10727E+00  0.11110E+00  0.11370E+00  0.10353E+00  0.73687E-01  0.41990E-01  0.11807E-01 
  0.22500E+03  0.57789E-01  0.75049E-01  0.75259E-01  0.96656E-01  0.10723E+00  0.11106E+00  0.11366E+00  0.10350E+00  0.73662E-01  0.41976E-01  0.11803E-01 
  0.22600E+03  0.57769E-01  0.75024E-01  0.75234E-01  0.96623E-01  0.10719E+00  0.11103E+00  0.11362E+00  0.10346E+00  0.73637E-01  0.41962E-01  0.11799E-01 
  0.22700E+03  0.57750E-01  0.74999E-01  0.75209E-01  0.96591E-01  0.10716E+00  0.11099E+00  0.11358E+00  0.10343E+00  0.73613E-01  0.41948E-01  0.11796E-01 
  0.22800E+03  0.57731E-01  0.74974E-01  0.75184E-01  0.96559E-01  0.10712E+00  0.11095E+00  0.11354E+00  0.10339E+00  0.73588E-01  0.41934E-01  0.11792E-01 
  0.22900E+03  0.57712E-01  0.74949E-01  0.75159E-01  0.96527E-01  0.10709E+00  0.11091E+00  0.11351E+00  0.10336E+00  0.73564E-01  0.41920E-01  0.11788E-01 
  0.23000E+03  0.57692E-01  0.74924E-01  0.75134E-01  0.96495E-01  0.10705E+00  0.11088E+00  0.11347E+00  0.10332E+00  0.73539E-01  0.41906E-01  0.11784E-01 
  0.23100E+03  0.57673E-01  0.74899E-01  0.75109E-01  0.96463E-01  0.10702E+00  0.11084E+00  0.11343E+00  0.10329E+00  0.73515E-01  0.41892E-01  0.11780E-01 
  0.23200E+03  0.57654E-01  0.74875E-01  0.75084E-01  0.96431E-01  0.10698E+00  0.11080E+00  0.11339E+00  0.10326E+00  0.73491E-01  0.41878E-01  0.11776E-01 
  0.23300E+03  0.57636E-01  0.74850E-01  0.75060E-01  0.96400E-01  0.10695E+00  0.11077E+00  0.11336E+00  0.10322E+00  0.73467E-01  0.41865E-01  0.11772E-01 
  0.23400E+03  0.57617E-01  0.74826E-01  0.75036E-01  0.96369E-01  0.10691E+00  0.11073E+00  0.11332E+00  0.10319E+00  0.73443E-01  0.41851E-01  0.11768E-01 
  0.23500E+03  0.57599E-01  0.74802E-01  0.75012E-01  0.96338E-01  0.10688E+00  0.11070E+00  0.11328E+00  0.10316E+00  0.73420E-01  0.41838E-01  0.11765E-01 
  0.23600E+03  0.57580E-01  0.74778E-01  0.74988E-01  0.96307E-01  0.10684E+00  0.11066E+00  0.11325E+00  0.10312E+00  0.73396E-01  0.41824E-01  0.11761E-01 
  0.23700E+03  0.57562E-01  0.74754E-01  0.74964E-01  0.96276E-01  0.10681E+00  0.11063E+00  0.11321E+00  0.10309E+00  0.73373E-01  0.41811E-01  0.11757E-01 
  0.23800E+03  0.57544E-01  0.74731E-01  0.74940E-01  0.96246E-01  0.10678E+00  0.11059E+00  0.11318E+00  0.10306E+00  0.73350E-01  0.41798E-01  0.11753E-01 
  0.23900E+03  0.57526E-01  0.74707E-01  0.74917E-01  0.96215E-01  0.10674E+00  0.11056E+00  0.11314E+00  0.10302E+00  0.73326E-01  0.41785E-01  0.11750E-01 
  0.24000E+03  0.57507E-01  0.74683E-01  0.74893E-01  0.96185E-01  0.10671E+00  0.11052E+00  0.11310E+00  0.10299E+00  0.73303E-01  0.41771E-01  0.11746E-01 
  0.24100E+03  0.57489E-01  0.74660E-01  0.74869E-01  0.96154E-01  0.10667E+00  0.11049E+00  0.11307E+00  0.10296E+00  0.73280E-01  0.41758E-01  0.11742E-01 
  0.24200E+03  0.57471E-01  0.74636E-01  0.74845E-01  0.96124E-01  0.10664E+00  0.11045E+00  0.11303E+00  0.10293E+00  0.73257E-01  0.41745E-01  0.11739E-01 
  0.24300E+03  0.57453E-01  0.74613E-01  0.74822E-01  0.96094E-01  0.10661E+00  0.11042E+00  0.11300E+00  0.10289E+00  0.73234E-01  0.41732E-01  0.11735E-01 
  0.24400E+03  0.57435E-01  0.74589E-01  0.74798E-01  0.96064E-01  0.10657E+00  0.11038E+00  0.11296E+00  0.10286E+00  0.73211E-01  0.41719E-01  0.11731E-01 
  0.24500E+03  0.57417E-01  0.74566E-01  0.74775E-01  0.96034E-01  0.10654E+00  0.11035E+00  0.11293E+00  0.10283E+00  0.73188E-01  0.41706E-01  0.11728E-01 
  0.24600E+03  0.57399E-01  0.74543E-01  0.74752E-01  0.96004E-01  0.10651E+00  0.11031E+00  0.11289E+00  0.10280E+00  0.73166E-01  0.41693E-01  0.11724E-01 
  0.24700E+03  0.57382E-01  0.74520E-01  0.74729E-01  0.95975E-01  0.10648E+00  0.11028E+00  0.11286E+00  0.10277E+00  0.73143E-01  0.41680E-01  0.11720E-01 
  0.24800E+03  0.57364E-01  0.74498E-01  0.74707E-01  0.95946E-01  0.10644E+00  0.11025E+00  0.11282E+00  0.10274E+00  0.73121E-01  0.41668E-01  0.11717E-01 
  0.24900E+03  0.57347E-01  0.74475E-01  0.74684E-01  0.95917E-01  0.10641E+00  0.11021E+00  0.11279E+00  0.10270E+00  0.73099E-01  0.41655E-01  0.11713E-01 
  0.25000E+03  0.57330E-01  0.74453E-01  0.74661E-01  0.95888E-01  0.10638E+00  0.11018E+00  0.11276E+00  0.10267E+00  0.73077E-01  0.41642E-01  0.11710E-01 
  0.25100E+03  0.57312E-01  0.74430E-01  0.74639E-01  0.95859E-01  0.10635E+00  0.11015E+00  0.11272E+00  0.10264E+00  0.73055E-01  0.41630E-01  0.11706E-01 
  0.25200E+03  0.57295E-01  0.74407E-01  0.74616E-01  0.95830E-01  0.10631E+00  0.11011E+00  0.11269E+00  0.10261E+00  0.73032E-01  0.41617E-01  0.11703E-01 
  0.25300E+03  0.57278E-01  0.74385E-01  0.74594E-01  0.95801E-01  0.10628E+00  0.11008E+00  0.11265E+00  0.10258E+00  0.73010E-01  0.41605E-01  0.11699E-01 
  0.25400E+03  0.57260E-01  0.74363E-01  0.74571E-01  0.95772E-01  0.10625E+00  0.11005E+00  0.11262E+00  0.10255E+00  0.72988E-01  0.41592E-01  0.11696E-01 
  0.25500E+03  0.57243E-01  0.74340E-01  0.74549E-01  0.95743E-01  0.10622E+00  0.11001E+00  0.11259E+00  0.10252E+00  0.72967E-01  0.41580E-01  0.11692E-01 
  0.25600E+03  0.57226E-01  0.74318E-01  0.74527E-01  0.95715E-01  0.10619E+00  0.10998E+00  0.11255E+00  0.10249E+00  0.72945E-01  0.41567E-01  0.11689E-01 
  0.25700E+03  0.57209E-01  0.74296E-01  0.74505E-01  0.95687E-01  0.10616E+00  0.10995E+00  0.11252E+00  0.10246E+00  0.72923E-01  0.41555E-01  0.11685E-01 
  0.25800E+03  0.57193E-01  0.74275E-01  0.74483E-01  0.95659E-01  0.10612E+00  0.10992E+00  0.11249E+00  0.10243E+00  0.72902E-01  0.41543E-01  0.11682E-01 
  0.25900E+03  0.57176E-01  0.74253E-01  0.74461E-01  0.95631E-01  0.10609E+00  0.10988E+00  0.11245E+00  0.10240E+00  0.72881E-01  0.41531E-01  0.11678E-01 
  0.26000E+03  0.57159E-01  0.74232E-01  0.74440E-01  0.95603E-01  0.10606E+00  0.10985E+00  0.11242E+00  0.10237E+00  0.72860E-01  0.41519E-01  0.11675E-01 
  0.26100E+03  0.57143E-01  0.74210E-01  0.74418E-01  0.95576E-01  0.10603E+00  0.10982E+00  0.11239E+00  0.10234E+00  0.72839E-01  0.41507E-01  0.11672E-01 
  0.26200E+03  0.57127E-01  0.74189E-01  0.74397E-01  0.95548E-01  0.10600E+00  0.10979E+00  0.11236E+00  0.10231E+00  0.72818E-01  0.41495E-01  0.11668E-01 
  0.26300E+03  0.57110E-01  0.74168E-01  0.74376E-01  0.95521E-01  0.10597E+00  0.10976E+00  0.11232E+00  0.10228E+00  0.72797E-01  0.41483E-01  0.11665E-01 
  0.26400E+03  0.57094E-01  0.74147E-01  0.74355E-01  0.95494E-01  0.10594E+00  0.10973E+00  0.11229E+00  0.10225E+00  0.72776E-01  0.41471E-01  0.11662E-01 
  0.26500E+03  0.57078E-01  0.74126E-01  0.74333E-01  0.95467E-01  0.10591E+00  0.10970E+00  0.11226E+00  0.10222E+00  0.72756E-01  0.41459E-01  0.11658E-01 
  0.26600E+03  0.57062E-01  0.74105E-01  0.74312E-01  0.95440E-01  0.10588E+00  0.10967E+00  0.11223E+00  0.10219E+00  0.72735E-01  0.41448E-01  0.11655E-01 
  0.26700E+03  0.57046E-01  0.74084E-01  0.74292E-01  0.95413E-01  0.10585E+00  0.10963E+00  0.11220E+00  0.10217E+00  0.72715E-01  0.41436E-01  0.11652E-01 
  0.26800E+03  0.57030E-01  0.74063E-01  0.74271E-01  0.95386E-01  0.10582E+00  0.10960E+00  0.11217E+00  0.10214E+00  0.72695E-01  0.41425E-01  0.11648E-01 
  0.26900E+03  0.57014E-01  0.74043E-01  0.74250E-01  0.95360E-01  0.10579E+00  0.10957E+00  0.11213E+00  0.10211E+00  0.72674E-01  0.41413E-01  0.11645E-01 
  0.27000E+03  0.56998E-01  0.74022E-01  0.74230E-01  0.95334E-01  0.10576E+00  0.10954E+00  0.11210E+00  0.10208E+00  0.72654E-01  0.41402E-01  0.11642E-01 
  0.27100E+03  0.56983E-01  0.74002E-01  0.74210E-01  0.95308E-01  0.10573E+00  0.10951E+00  0.11207E+00  0.10205E+00  0.72635E-01  0.41390E-01  0.11639E-01 
  0.27200E+03  0.56967E-01  0.73982E-01  0.74190E-01  0.95282E-01  0.10571E+00  0.10948E+00  0.11204E+00  0.10202E+00  0.72615E-01  0.41379E-01  0.11636E-01 
  0.27300E+03  0.56952E-01  0.73962E-01  0.74170E-01  0.95256E-01  0.10568E+00  0.10945E+00  0.11201E+00  0.10200E+00  0.72595E-01  0.41368E-01  0.11633E-01 
  0.27400E+03  0.56937E-01  0.73942E-01  0.74150E-01  0.95231E-01  0.10565E+00  0.10942E+00  0.11198E+00  0.10197E+00  0.72576E-01  0.41357E-01  0.11629E-01 
  0.27500E+03  0.56921E-01  0.73923E-01  0.74130E-01  0.95205E-01  0.10562E+00  0.10940E+00  0.11195E+00  0.10194E+00  0.72557E-01  0.41346E-01  0.11626E-01 
  0.27600E+03  0.56906E-01  0.73903E-01  0.74110E-01  0.95180E-01  0.10559E+00  0.10937E+00  0.11192E+00  0.10192E+00  0.72537E-01  0.41335E-01  0.11623E-01 
  0.27700E+03  0.56891E-01  0.73883E-01  0.74090E-01  0.95154E-01  0.10556E+00  0.10934E+00  0.11189E+00  0.10189E+00  0.72518E-01  0.41324E-01  0.11620E-01 
  0.27800E+03  0.56876E-01  0.73863E-01  0.74071E-01  0.95129E-01  0.10554E+00  0.10931E+00  0.11186E+00  0.10186E+00  0.72498E-01  0.41313E-01  0.11617E-01 
  0.27900E+03  0.56861E-01  0.73844E-01  0.74051E-01  0.95104E-01  0.10551E+00  0.10928E+00  0.11183E+00  0.10183E+00  0.72479E-01  0.41302E-01  0.11614E-01 
  0.28000E+03  0.56846E-01  0.73824E-01  0.74031E-01  0.95078E-01  0.10548E+00  0.10925E+00  0.11180E+00  0.10181E+00  0.72460E-01  0.41291E-01  0.11611E-01 
  0.28100E+03  0.56831E-01  0.73805E-01  0.74012E-01  0.95053E-01  0.10545E+00  0.10922E+00  0.11177E+00  0.10178E+00  0.72441E-01  0.41280E-01  0.11608E-01 
  0.28200E+03  0.56816E-01  0.73785E-01  0.73992E-01  0.95028E-01  0.10542E+00  0.10919E+00  0.11174E+00  0.10175E+00  0.72422E-01  0.41269E-01  0.11605E-01 
  0.28300E+03  0.56801E-01  0.73766E-01  0.73973E-01  0.95004E-01  0.10540E+00  0.10916E+00  0.11172E+00  0.10173E+00  0.72403E-01  0.41258E-01  0.11602E-01 
  0.28400E+03  0.56786E-01  0.73747E-01  0.73954E-01  0.94979E-01  0.10537E+00  0.10914E+00  0.11169E+00  0.10170E+00  0.72384E-01  0.41248E-01  0.11599E-01 
  0.28500E+03  0.56772E-01  0.73728E-01  0.73935E-01  0.94955E-01  0.10534E+00  0.10911E+00  0.11166E+00  0.10167E+00  0.72366E-01  0.41237E-01  0.11596E-01 
  0.28600E+03  0.56757E-01  0.73709E-01  0.73916E-01  0.94930E-01  0.10532E+00  0.10908E+00  0.11163E+00  0.10165E+00  0.72347E-01  0.41227E-01  0.11593E-01 
  0.28700E+03  0.56743E-01  0.73691E-01  0.73897E-01  0.94906E-01  0.10529E+00  0.10905E+00  0.11160E+00  0.10162E+00  0.72329E-01  0.41216E-01  0.11590E-01 
  0.28800E+03  0.56728E-01  0.73672E-01  0.73878E-01  0.94882E-01  0.10526E+00  0.10902E+00  0.11157E+00  0.10160E+00  0.72310E-01  0.41206E-01  0.11587E-01 
  0.28900E+03  0.56714E-01  0.73653E-01  0.73859E-01  0.94858E-01  0.10524E+00  0.10900E+00  0.11154E+00  0.10157E+00  0.72292E-01  0.41195E-01  0.11584E-01 
  0.29000E+03  0.56699E-01  0.73634E-01  0.73841E-01  0.94834E-01  0.10521E+00  0.10897E+00  0.11152E+00  0.10154E+00  0.72273E-01  0.41185E-01  0.11581E-01 
  0.29100E+03  0.56685E-01  0.73615E-01  0.73822E-01  0.94809E-01  0.10518E+00  0.10894E+00  0.11149E+00  0.10152E+00  0.72255E-01  0.41174E-01  0.11578E-01 
  0.29200E+03  0.56670E-01  0.73597E-01  0.73803E-01  0.94785E-01  0.10516E+00  0.10891E+00  0.11146E+00  0.10149E+00  0.72237E-01  0.41164E-01  0.11575E-01 
  0.29300E+03  0.56656E-01  0.73578E-01  0.73784E-01  0.94762E-01  0.10513E+00  0.10889E+00  0.11143E+00  0.10147E+00  0.72218E-01  0.41153E-01  0.11572E-01 
  0.29400E+03  0.56642E-01  0.73560E-01  0.73766E-01  0.94738E-01  0.10510E+00  0.10886E+00  0.11140E+00  0.10144E+00  0.72200E-01  0.41143E-01  0.11569E-01 
  0.29500E+03  0.56628E-01  0.73542E-01  0.73748E-01  0.94714E-01  0.10508E+00  0.10883E+00  0.11138E+00  0.10142E+00  0.72183E-01  0.41133E-01  0.11566E-01 
  0.29600E+03  0.56614E-01  0.73523E-01  0.73730E-01  0.94691E-01  0.10505E+00  0.10880E+00  0.11135E+00  0.10139E+00  0.72165E-01  0.41123E-01  0.11564E-01 
  0.29700E+03  0.56600E-01  0.73505E-01  0.73711E-01  0.94668E-01  0.10502E+00  0.10878E+00  0.11132E+00  0.10137E+00  0.72147E-01  0.41112E-01  0.11561E-01 
  0.29800E+03  0.56586E-01  0.73487E-01  0.73693E-01  0.94644E-01  0.10500E+00  0.10875E+00  0.11129E+00  0.10134E+00  0.72129E-01  0.41102E-01  0.11558E-01 
  0.29900E+03  0.56572E-01  0.73469E-01  0.73675E-01  0.94621E-01  0.10497E+00  0.10872E+00  0.11127E+00  0.10132E+00  0.72111E-01  0.41092E-01  0.11555E-01 
  0.30000E+03  0.56558E-01  0.73450E-01  0.73656E-01  0.94597E-01  0.10495E+00  0.10870E+00  0.11124E+00  0.10129E+00  0.72093E-01  0.41082E-01  0.11552E-01 
  0.30100E+03  0.56544E-01  0.73432E-01  0.73638E-01  0.94574E-01  0.10492E+00  0.10867E+00  0.11121E+00  0.10127E+00  0.72075E-01  0.41072E-01  0.11549E-01 
  0.30200E+03  0.56530E-01  0.73414E-01  0.73620E-01  0.94550E-01  0.10489E+00  0.10864E+00  0.11118E+00  0.10124E+00  0.72057E-01  0.41061E-01  0.11546E-01 
  0.30300E+03  0.56516E-01  0.73396E-01  0.73602E-01  0.94527E-01  0.10487E+00  0.10862E+00  0.11116E+00  0.10122E+00  0.72040E-01  0.41051E-01  0.11543E-01 
  0.30400E+03  0.56502E-01  0.73378E-01  0.73583E-01  0.94503E-01  0.10484E+00  0.10859E+00  0.11113E+00  0.10119E+00  0.72022E-01  0.41041E-01  0.11541E-01 
  0.30500E+03  0.56488E-01  0.73360E-01  0.73566E-01  0.94480E-01  0.10482E+00  0.10856E+00  0.11110E+00  0.10117E+00  0.72004E-01  0.41031E-01  0.11538E-01 
  0.30600E+03  0.56474E-01  0.73342E-01  0.73548E-01  0.94457E-01  0.10479E+00  0.10854E+00  0.11107E+00  0.10114E+00  0.71987E-01  0.41021E-01  0.11535E-01 
  0.30700E+03  0.56461E-01  0.73324E-01  0.73530E-01  0.94435E-01  0.10477E+00  0.10851E+00  0.11105E+00  0.10112E+00  0.71969E-01  0.41011E-01  0.11532E-01 
  0.30800E+03  0.56448E-01  0.73307E-01  0.73513E-01  0.94412E-01  0.10474E+00  0.10848E+00  0.11102E+00  0.10109E+00  0.71952E-01  0.37100E-01  0.10175E-01 
  0.30900E+03  0.56434E-01  0.73290E-01  0.73495E-01  0.94390E-01  0.10472E+00  0.10846E+00  0.11099E+00  0.10107E+00  0.71935E-01  0.33562E-01  0.89772E-02 
  0.31000E+03  0.56421E-01  0.73273E-01  0.73478E-01  0.94368E-01  0.10469E+00  0.10843E+00  0.11097E+00  0.10105E+00  0.71918E-01  0.30361E-01  0.79207E-02 
  0.31100E+03  0.56408E-01  0.73255E-01  0.73461E-01  0.94346E-01  0.10467E+00  0.10841E+00  0.11094E+00  0.10102E+00  0.71902E-01  0.27466E-01  0.69885E-02 
  0.31200E+03  0.56394E-01  0.73238E-01  0.73443E-01  0.94323E-01  0.10464E+00  0.10838E+00  0.11092E+00  0.10100E+00  0.71885E-01  0.24846E-01  0.61661E-02 
  0.31300E+03  0.56381E-01  0.73221E-01  0.73426E-01  0.94301E-01  0.10462E+00  0.10836E+00  0.11089E+00  0.10097E+00  0.71868E-01  0.22477E-01  0.54404E-02 
  0.31400E+03  0.56368E-01  0.73204E-01  0.73409E-01  0.94279E-01  0.10459E+00  0.10833E+00  0.11086E+00  0.10095E+00  0.71851E-01  0.20333E-01  0.48001E-02 
  0.31500E+03  0.56355E-01  0.73187E-01  0.73392E-01  0.94258E-01  0.10457E+00  0.10831E+00  0.11084E+00  0.10093E+00  0.71834E-01  0.18394E-01  0.42352E-02 
  0.31600E+03  0.56342E-01  0.73170E-01  0.73376E-01  0.94236E-01  0.10455E+00  0.10828E+00  0.11081E+00  0.10091E+00  0.71818E-01  0.16640E-01  0.37367E-02 
  0.31700E+03  0.56330E-01  0.73154E-01  0.73359E-01  0.94215E-01  0.10452E+00  0.10826E+00  0.11079E+00  0.10088E+00  0.71802E-01  0.15053E-01  0.32969E-02 
  0.31800E+03  0.56317E-01  0.73138E-01  0.73343E-01  0.94195E-01  0.10450E+00  0.10823E+00  0.11076E+00  0.10086E+00  0.71786E-01  0.13618E-01  0.29089E-02 
  0.31900E+03  0.56305E-01  0.73122E-01  0.73327E-01  0.94174E-01  0.10448E+00  0.10821E+00  0.11074E+00  0.10084E+00  0.71771E-01  0.12319E-01  0.25666E-02 
  0.32000E+03  0.56293E-01  0.73107E-01  0.73311E-01  0.94154E-01  0.10446E+00  0.10819E+00  0.11072E+00  0.10082E+00  0.71756E-01  0.11144E-01  0.22645E-02 
  0.32100E+03  0.56281E-01  0.73091E-01  0.73296E-01  0.94134E-01  0.10443E+00  0.10816E+00  0.11069E+00  0.10080E+00  0.71740E-01  0.10082E-01  0.19980E-02 
  0.32200E+03  0.56269E-01  0.73075E-01  0.73280E-01  0.94114E-01  0.10441E+00  0.10814E+00  0.11067E+00  0.10077E+00  0.71725E-01  0.91202E-02  0.17628E-02 
  0.32300E+03  0.56257E-01  0.73060E-01  0.73265E-01  0.94094E-01  0.10439E+00  0.10812E+00  0.11065E+00  0.10075E+00  0.71710E-01  0.82505E-02  0.15553E-02 
  0.32400E+03  0.56245E-01  0.73044E-01  0.73249E-01  0.94074E-01  0.10437E+00  0.10810E+00  0.11062E+00  0.10073E+00  0.71694E-01  0.74638E-02  0.13723E-02 
  0.32500E+03  0.56233E-01  0.73028E-01  0.73233E-01  0.94054E-01  0.10434E+00  0.10807E+00  0.11060E+00  0.10071E+00  0.71679E-01  0.67520E-02  0.12107E-02 
  0.32600E+03  0.56221E-01  0.73013E-01  0.73218E-01  0.94034E-01  0.10432E+00  0.10805E+00  0.11058E+00  0.10069E+00  0.71664E-01  0.61081E-02  0.10682E-02 
  0.32700E+03  0.56209E-01  0.72997E-01  0.73202E-01  0.94014E-01  0.10430E+00  0.10803E+00  0.11055E+00  0.10067E+00  0.71648E-01  0.55256E-02  0.94250E-03 
  0.32800E+03  0.56197E-01  0.72982E-01  0.73187E-01  0.93994E-01  0.10428E+00  0.10800E+00  0.11053E+00  0.10065E+00  0.71633E-01  0.49987E-02  0.83156E-03 
  0.32900E+03  0.56185E-01  0.72967E-01  0.73171E-01  0.93974E-01  0.10426E+00  0.10798E+00  0.11051E+00  0.10062E+00  0.71618E-01  0.45220E-02  0.73367E-03 
  0.33000E+03  0.56174E-01  0.72952E-01  0.73156E-01  0.93955E-01  0.10423E+00  0.10796E+00  0.11048E+00  0.10060E+00  0.71603E-01  0.40907E-02  0.64731E-03 
  0.33100E+03  0.56162E-01  0.72937E-01  0.73141E-01  0.93935E-01  0.10421E+00  0.10794E+00  0.11046E+00  0.10058E+00  0.71589E-01  0.37006E-02  0.57111E-03 
  0.33200E+03  0.56151E-01  0.72922E-01  0.73126E-01  0.93916E-01  0.10419E+00  0.10791E+00  0.11044E+00  0.10056E+00  0.71574E-01  0.33477E-02  0.50387E-03 
  0.33300E+03  0.56140E-01  0.72907E-01  0.73112E-01  0.93897E-01  0.10417E+00  0.10789E+00  0.11041E+00  0.10054E+00  0.71560E-01  0.30284E-02  0.44455E-03 
  0.33400E+03  0.56128E-01  0.72893E-01  0.73097E-01  0.93879E-01  0.10415E+00  0.10787E+00  0.11039E+00  0.10052E+00  0.71546E-01  0.27396E-02  0.39222E-03 
  0.33500E+03  0.56117E-01  0.72878E-01  0.73083E-01  0.93860E-01  0.10413E+00  0.10785E+00  0.11037E+00  0.10050E+00  0.71532E-01  0.24783E-02  0.34604E-03 
  0.33600E+03  0.56107E-01  0.72864E-01  0.73069E-01  0.93842E-01  0.10411E+00  0.10783E+00  0.11035E+00  0.10048E+00  0.71518E-01  0.22420E-02  0.30530E-03 
  0.33700E+03  0.56096E-01  0.72850E-01  0.73055E-01  0.93824E-01  0.10409E+00  0.10781E+00  0.11033E+00  0.10046E+00  0.71504E-01  0.20285E-02  0.26943E-03 
  0.33800E+03  0.56085E-01  0.72837E-01  0.73041E-01  0.93806E-01  0.10407E+00  0.10779E+00  0.11031E+00  0.10045E+00  0.65775E-01  0.18352E-02  0.23773E-03 
  0.33900E+03  0.56075E-01  0.72823E-01  0.73027E-01  0.93789E-01  0.10405E+00  0.10777E+00  0.11029E+00  0.10043E+00  0.60504E-01  0.16602E-02  0.20976E-03 
  0.34000E+03  0.56064E-01  0.72809E-01  0.73014E-01  0.93772E-01  0.10403E+00  0.10775E+00  0.11027E+00  0.10041E+00  0.55657E-01  0.15020E-02  0.18508E-03 
  0.34100E+03  0.56054E-01  0.72796E-01  0.73000E-01  0.93754E-01  0.10401E+00  0.10773E+00  0.11025E+00  0.10039E+00  0.51197E-01  0.13588E-02  0.16331E-03 
  0.34200E+03  0.56044E-01  0.72783E-01  0.72987E-01  0.93737E-01  0.10399E+00  0.10771E+00  0.11023E+00  0.10037E+00  0.47096E-01  0.12293E-02  0.14410E-03 
  0.34300E+03  0.56034E-01  0.72770E-01  0.72974E-01  0.93721E-01  0.10397E+00  0.10769E+00  0.11021E+00  0.10035E+00  0.43323E-01  0.11121E-02  0.12715E-03 
  0.34400E+03  0.56024E-01  0.72757E-01  0.72961E-01  0.93704E-01  0.10396E+00  0.10767E+00  0.11019E+00  0.10034E+00  0.39852E-01  0.10061E-02  0.11219E-03 
  0.34500E+03  0.56015E-01  0.72745E-01  0.72949E-01  0.93688E-01  0.10394E+00  0.10765E+00  0.11017E+00  0.10032E+00  0.36659E-01  0.91022E-03  0.98995E-04 
  0.34600E+03  0.56005E-01  0.72732E-01  0.72936E-01  0.93672E-01  0.10392E+00  0.10763E+00  0.11015E+00  0.10030E+00  0.33723E-01  0.82347E-03  0.87350E-04 
  0.34700E+03  0.55995E-01  0.72720E-01  0.72924E-01  0.93656E-01  0.10390E+00  0.10762E+00  0.11013E+00  0.10028E+00  0.31021E-01  0.74499E-03  0.77075E-04 
  0.34800E+03  0.55986E-01  0.72708E-01  0.72912E-01  0.93640E-01  0.10389E+00  0.10760E+00  0.11011E+00  0.10027E+00  0.28536E-01  0.67398E-03  0.68008E-04 
  0.34900E+03  0.55977E-01  0.72696E-01  0.72899E-01  0.93625E-01  0.10387E+00  0.10758E+00  0.11009E+00  0.10025E+00  0.26250E-01  0.60974E-03  0.60007E-04 
  0.35000E+03  0.55967E-01  0.72683E-01  0.72887E-01  0.93609E-01  0.10385E+00  0.10756E+00  0.11008E+00  0.10023E+00  0.24147E-01  0.55162E-03  0.52947E-04 
  0.35100E+03  0.55958E-01  0.72672E-01  0.72875E-01  0.93594E-01  0.10383E+00  0.10754E+00  0.11006E+00  0.10022E+00  0.22213E-01  0.49905E-03  0.46718E-04 
  0.35200E+03  0.55949E-01  0.72660E-01  0.72864E-01  0.93579E-01  0.10382E+00  0.10753E+00  0.11004E+00  0.10020E+00  0.20433E-01  0.45148E-03  0.41221E-04 
  0.35300E+03  0.55940E-01  0.72649E-01  0.72852E-01  0.93564E-01  0.10380E+00  0.10751E+00  0.11002E+00  0.10019E+00  0.18797E-01  0.40845E-03  0.36372E-04 
  0.35400E+03  0.55932E-01  0.72637E-01  0.72841E-01  0.93550E-01  0.10378E+00  0.10749E+00  0.11001E+00  0.10017E+00  0.17291E-01  0.36952E-03  0.32093E-04 
  0.35500E+03  0.55923E-01  0.72626E-01  0.72830E-01  0.93535E-01  0.10377E+00  0.10748E+00  0.10999E+00  0.10015E+00  0.15906E-01  0.33430E-03  0.28317E-04 
  0.35600E+03  0.55915E-01  0.72615E-01  0.72819E-01  0.93521E-01  0.10375E+00  0.10746E+00  0.10997E+00  0.10014E+00  0.14632E-01  0.30244E-03  0.24985E-04 
  0.35700E+03  0.55906E-01  0.72604E-01  0.72808E-01  0.93507E-01  0.10374E+00  0.10744E+00  0.10996E+00  0.10012E+00  0.13460E-01  0.27362E-03  0.22046E-04 
  0.35800E+03  0.55898E-01  0.72593E-01  0.72797E-01  0.93493E-01  0.10372E+00  0.10743E+00  0.10994E+00  0.10011E+00  0.12382E-01  0.24754E-03  0.19452E-04 
  0.35900E+03  0.55890E-01  0.72583E-01  0.72786E-01  0.93480E-01  0.10371E+00  0.10741E+00  0.10992E+00  0.10010E+00  0.11390E-01  0.22395E-03  0.17163E-04 
  0.36000E+03  0.55882E-01  0.72573E-01  0.72776E-01  0.93466E-01  0.10369E+00  0.10740E+00  0.10991E+00  0.10008E+00  0.10478E-01  0.20260E-03  0.15144E-04 
  0.36100E+03  0.55874E-01  0.72562E-01  0.72766E-01  0.93453E-01  0.10368E+00  0.10738E+00  0.10989E+00  0.10007E+00  0.96385E-02  0.18329E-03  0.13362E-04 
  0.36200E+03  0.55866E-01  0.72552E-01  0.72756E-01  0.93440E-01  0.10366E+00  0.10737E+00  0.10988E+00  0.10005E+00  0.88665E-02  0.16582E-03  0.11790E-04 
  0.36300E+03  0.55859E-01  0.72543E-01  0.72746E-01  0.93428E-01  0.10365E+00  0.10735E+00  0.10986E+00  0.10004E+00  0.81563E-02  0.15002E-03  0.10402E-04 
  0.36400E+03  0.55851E-01  0.72533E-01  0.72736E-01  0.93415E-01  0.10364E+00  0.10734E+00  0.10985E+00  0.10003E+00  0.75031E-02  0.13572E-03  0.91781E-05 
  0.36500E+03  0.55844E-01  0.72523E-01  0.72727E-01  0.93403E-01  0.10362E+00  0.10733E+00  0.10983E+00  0.10001E+00  0.69021E-02  0.12278E-03  0.80980E-05 
  0.36600E+03  0.55837E-01  0.72514E-01  0.72718E-01  0.93391E-01  0.10361E+00  0.10731E+00  0.10982E+00  0.10000E+00  0.63501E-02  0.11110E-03  0.71470E-05 
  0.36700E+03  0.55830E-01  0.72505E-01  0.72708E-01  0.93380E-01  0.10360E+00  0.10730E+00  0.10981E+00  0.93540E-01  0.58416E-02  0.10159E-03  0.63907E-05 
  0.36800E+03  0.55823E-01  0.72496E-01  0.72700E-01  0.93368E-01  0.10358E+00  0.10728E+00  0.10979E+00  0.87496E-01  0.53739E-02  0.10011E-03  0.62748E-05 
  0.36900E+03  0.55816E-01  0.72487E-01  0.72691E-01  0.93357E-01  0.10357E+00  0.10727E+00  0.10978E+00  0.81843E-01  0.49436E-02  0.10010E-03  0.62742E-05 
  0.37000E+03  0.55810E-01  0.72479E-01  0.72682E-01  0.93346E-01  0.10356E+00  0.10726E+00  0.10977E+00  0.76556E-01  0.45478E-02  0.10013E-03  0.62767E-05 
  0.37100E+03  0.55803E-01  0.72470E-01  0.72673E-01  0.93335E-01  0.10355E+00  0.10725E+00  0.10975E+00  0.71610E-01  0.41837E-02  0.10012E-03  0.62761E-05 
  0.37200E+03  0.55797E-01  0.72462E-01  0.72665E-01  0.93324E-01  0.10353E+00  0.10723E+00  0.10974E+00  0.66984E-01  0.38488E-02  0.10010E-03  0.62752E-05 
  0.37300E+03  0.55790E-01  0.72454E-01  0.72657E-01  0.93313E-01  0.10352E+00  0.10722E+00  0.10973E+00  0.62657E-01  0.35407E-02  0.10009E-03  0.62745E-05 
  0.37400E+03  0.55784E-01  0.72446E-01  0.72649E-01  0.93303E-01  0.10351E+00  0.10721E+00  0.10972E+00  0.58610E-01  0.32572E-02  0.10008E-03  0.62738E-05 
  0.37500E+03  0.55778E-01  0.72438E-01  0.72641E-01  0.93293E-01  0.10350E+00  0.10720E+00  0.10970E+00  0.54824E-01  0.29965E-02  0.10007E-03  0.62731E-05 
  0.37600E+03  0.55772E-01  0.72430E-01  0.72633E-01  0.93283E-01  0.10349E+00  0.10719E+00  0.10969E+00  0.51283E-01  0.27566E-02  0.10006E-03  0.62725E-05 
  0.37700E+03  0.55766E-01  0.72423E-01  0.72626E-01  0.93273E-01  0.10348E+00  0.10718E+00  0.10968E+00  0.47971E-01  0.25360E-02  0.10005E-03  0.62718E-05 
  0.37800E+03  0.55761E-01  0.72415E-01  0.72618E-01  0.93264E-01  0.10347E+00  0.10717E+00  0.10967E+00  0.44872E-01  0.23330E-02  0.10004E-03  0.62712E-05 
  0.37900E+03  0.55755E-01  0.72408E-01  0.72611E-01  0.93255E-01  0.10346E+00  0.10715E+00  0.10966E+00  0.41974E-01  0.21462E-02  0.10003E-03  0.62706E-05 
  0.38000E+03  0.55750E-01  0.72401E-01  0.72604E-01  0.93246E-01  0.10345E+00  0.10714E+00  0.10965E+00  0.39264E-01  0.19745E-02  0.10002E-03  0.62700E-05 
  0.38100E+03  0.55745E-01  0.72394E-01  0.72597E-01  0.93237E-01  0.10344E+00  0.10713E+00  0.10964E+00  0.36728E-01  0.18164E-02  0.10001E-03  0.62694E-05 
  0.38200E+03  0.55739E-01  0.72388E-01  0.72591E-01  0.93228E-01  0.10343E+00  0.10712E+00  0.10963E+00  0.34356E-01  0.16710E-02  0.10000E-03  0.62688E-05 
  0.38300E+03  0.55734E-01  0.72381E-01  0.72584E-01  0.93220E-01  0.10342E+00  0.10711E+00  0.10962E+00  0.32137E-01  0.15373E-02  0.99992E-04  0.62682E-05 
  0.38400E+03  0.55730E-01  0.72375E-01  0.72578E-01  0.93212E-01  0.10341E+00  0.10711E+00  0.10961E+00  0.30062E-01  0.14142E-02  0.99983E-04  0.62677E-05 
  0.38500E+03  0.55725E-01  0.72369E-01  0.72571E-01  0.93204E-01  0.10340E+00  0.10710E+00  0.10960E+00  0.28121E-01  0.13011E-02  0.99974E-04  0.62671E-05 
  0.38600E+03  0.55720E-01  0.72362E-01  0.72565E-01  0.93196E-01  0.10339E+00  0.10709E+00  0.10959E+00  0.26305E-01  0.11969E-02  0.99966E-04  0.62666E-05 
  0.38700E+03  0.55716E-01  0.72357E-01  0.72560E-01  0.93188E-01  0.10338E+00  0.10708E+00  0.10958E+00  0.24606E-01  0.11011E-02  0.99958E-04  0.62661E-05 
  0.38800E+03  0.55711E-01  0.72351E-01  0.72554E-01  0.93181E-01  0.10338E+00  0.10707E+00  0.10957E+00  0.23018E-01  0.10130E-02  0.99950E-04  0.62656E-05 
  0.38900E+03  0.55707E-01  0.72345E-01  0.72548E-01  0.93174E-01  0.10337E+00  0.10706E+00  0.10956E+00  0.21531E-01  0.93192E-03  0.99942E-04  0.62651E-05 
  0.39000E+03  0.55703E-01  0.72340E-01  0.72543E-01  0.93167E-01  0.10336E+00  0.10705E+00  0.10956E+00  0.20141E-01  0.85734E-03  0.99935E-04  0.62647E-05 
  0.39100E+03  0.55699E-01  0.72335E-01  0.72538E-01  0.93160E-01  0.10335E+00  0.10705E+00  0.10955E+00  0.18841E-01  0.78872E-03  0.99928E-04  0.62642E-05 
  0.39200E+03  0.55695E-01  0.72330E-01  0.72533E-01  0.93154E-01  0.10335E+00  0.10704E+00  0.10954E+00  0.17624E-01  0.72560E-03  0.99921E-04  0.62638E-05 
  0.39300E+03  0.55691E-01  0.72325E-01  0.72528E-01  0.93148E-01  0.10334E+00  0.10703E+00  0.10953E+00  0.16486E-01  0.66752E-03  0.99914E-04  0.62634E-05 
  0.39400E+03  0.55688E-01  0.72320E-01  0.72523E-01  0.93141E-01  0.10333E+00  0.10702E+00  0.10953E+00  0.15422E-01  0.61409E-03  0.99907E-04  0.62629E-05 
  0.39500E+03  0.55684E-01  0.72315E-01  0.72518E-01  0.93135E-01  0.10332E+00  0.10702E+00  0.10952E+00  0.14426E-01  0.56494E-03  0.99901E-04  0.62625E-05 
  0.39600E+03  0.55680E-01  0.72311E-01  0.72513E-01  0.93129E-01  0.10332E+00  0.10701E+00  0.10951E+00  0.13495E-01  0.51972E-03  0.99894E-04  0.62621E-05 
  0.39700E+03  0.55677E-01  0.72306E-01  0.72509E-01  0.93123E-01  0.10331E+00  0.10700E+00  0.10950E+00  0.12625E-01  0.47820E-03  0.99888E-04  0.62617E-05 
  0.39800E+03  0.55673E-01  0.72302E-01  0.72504E-01  0.93118E-01  0.10331E+00  0.10700E+00  0.10358E+00  0.11810E-01  0.47816E-03  0.99882E-04  0.62614E-05 
  0.39900E+03  0.55670E-01  0.72297E-01  0.72500E-01  0.93112E-01  0.10330E+00  0.10699E+00  0.97978E-01  0.11047E-01  0.47814E-03  0.99876E-04  0.62610E-05 
  0.40000E+03  0.55667E-01  0.72293E-01  0.72496E-01  0.93107E-01  0.10329E+00  0.10698E+00  0.92677E-01  0.10334E-01  0.47811E-03  0.99870E-04  0.62606E-05 
  0.40100E+03  0.55664E-01  0.72289E-01  0.72492E-01  0.93101E-01  0.10329E+00  0.10698E+00  0.87664E-01  0.96673E-02  0.47808E-03  0.99865E-04  0.62603E-05 
  0.40200E+03  0.55661E-01  0.72285E-01  0.72488E-01  0.93096E-01  0.10328E+00  0.10697E+00  0.82922E-01  0.90434E-02  0.47805E-03  0.99859E-04  0.62599E-05 
  0.40300E+03  0.55658E-01  0.72281E-01  0.72484E-01  0.93091E-01  0.10328E+00  0.10697E+00  0.78437E-01  0.84597E-02  0.47803E-03  0.99854E-04  0.62596E-05 
  0.40400E+03  0.55655E-01  0.72278E-01  0.72480E-01  0.93086E-01  0.10327E+00  0.10696E+00  0.74195E-01  0.79138E-02  0.47800E-03  0.99849E-04  0.62593E-05 
  0.40500E+03  0.55652E-01  0.72274E-01  0.72477E-01  0.93082E-01  0.10327E+00  0.10696E+00  0.70182E-01  0.74031E-02  0.47798E-03  0.99844E-04  0.62590E-05 
  0.40600E+03  0.55649E-01  0.72270E-01  0.72473E-01  0.93077E-01  0.10326E+00  0.10695E+00  0.66386E-01  0.69253E-02  0.47796E-03  0.99839E-04  0.62587E-05 
  0.40700E+03  0.55647E-01  0.72267E-01  0.72470E-01  0.93073E-01  0.10326E+00  0.10695E+00  0.62796E-01  0.64784E-02  0.47794E-03  0.99834E-04  0.62584E-05 
  0.40800E+03  0.55644E-01  0.72264E-01  0.72466E-01  0.93069E-01  0.10325E+00  0.10694E+00  0.59400E-01  0.60604E-02  0.47791E-03  0.99830E-04  0.62581E-05 
  0.40900E+03  0.55642E-01  0.72261E-01  0.72463E-01  0.93065E-01  0.10325E+00  0.10694E+00  0.56187E-01  0.56693E-02  0.47789E-03  0.99825E-04  0.62578E-05 
  0.41000E+03  0.55639E-01  0.72257E-01  0.72460E-01  0.93061E-01  0.10324E+00  0.10693E+00  0.53149E-01  0.53034E-02  0.47787E-03  0.99821E-04  0.62575E-05 
  0.41100E+03  0.55637E-01  0.72254E-01  0.72457E-01  0.93057E-01  0.10324E+00  0.10693E+00  0.50275E-01  0.49612E-02  0.47785E-03  0.99817E-04  0.62573E-05 
  0.41200E+03  0.55635E-01  0.72252E-01  0.72454E-01  0.93053E-01  0.10323E+00  0.10692E+00  0.47556E-01  0.46411E-02  0.47783E-03  0.99813E-04  0.62570E-05 
  0.41300E+03  0.55633E-01  0.72249E-01  0.72451E-01  0.93049E-01  0.10323E+00  0.10692E+00  0.44984E-01  0.43416E-02  0.47781E-03  0.99809E-04  0.62568E-05 
  0.41400E+03  0.55631E-01  0.72246E-01  0.72449E-01  0.93046E-01  0.10323E+00  0.10691E+00  0.42551E-01  0.40614E-02  0.47780E-03  0.99805E-04  0.62566E-05 
  0.41500E+03  0.55629E-01  0.72244E-01  0.72446E-01  0.93043E-01  0.10322E+00  0.10691E+00  0.40250E-01  0.37993E-02  0.47778E-03  0.99802E-04  0.62563E-05 
  0.41600E+03  0.55627E-01  0.72241E-01  0.72444E-01  0.93040E-01  0.10322E+00  0.10691E+00  0.38074E-01  0.35542E-02  0.47776E-03  0.99799E-04  0.62561E-05 
  0.41700E+03  0.55625E-01  0.72239E-01  0.72441E-01  0.93037E-01  0.10322E+00  0.10690E+00  0.36015E-01  0.33248E-02  0.47775E-03  0.99795E-04  0.62559E-05 
  0.41800E+03  0.55623E-01  0.72237E-01  0.72439E-01  0.93034E-01  0.10321E+00  0.10690E+00  0.34068E-01  0.31103E-02  0.47773E-03  0.99792E-04  0.62557E-05 
  0.41900E+03  0.55621E-01  0.72234E-01  0.72437E-01  0.93031E-01  0.10321E+00  0.10690E+00  0.32226E-01  0.29096E-02  0.47772E-03  0.99789E-04  0.62555E-05 
  0.42000E+03  0.55620E-01  0.72232E-01  0.72435E-01  0.93028E-01  0.10321E+00  0.10689E+00  0.30483E-01  0.27218E-02  0.47770E-03  0.99786E-04  0.62554E-05 
  0.42100E+03  0.55618E-01  0.72230E-01  0.72433E-01  0.93025E-01  0.10320E+00  0.10689E+00  0.28835E-01  0.25462E-02  0.47769E-03  0.99783E-04  0.62552E-05 
  0.42200E+03  0.55617E-01  0.72228E-01  0.72431E-01  0.93023E-01  0.10320E+00  0.10689E+00  0.27276E-01  0.23819E-02  0.47768E-03  0.99781E-04  0.62550E-05 
  0.42300E+03  0.55615E-01  0.72226E-01  0.72429E-01  0.93020E-01  0.10320E+00  0.10689E+00  0.25801E-01  0.22282E-02  0.47766E-03  0.99778E-04  0.62548E-05 
  0.42400E+03  0.55614E-01  0.72224E-01  0.72427E-01  0.93018E-01  0.10319E+00  0.10688E+00  0.24405E-01  0.20844E-02  0.47765E-03  0.99775E-04  0.62547E-05 
  0.42500E+03  0.55612E-01  0.72222E-01  0.72425E-01  0.93016E-01  0.10319E+00  0.10688E+00  0.23086E-01  0.19499E-02  0.47764E-03  0.99773E-04  0.62545E-05 
  0.42600E+03  0.55611E-01  0.72221E-01  0.72423E-01  0.93013E-01  0.10319E+00  0.10688E+00  0.21838E-01  0.18247E-02  0.47763E-03  0.99770E-04  0.62544E-05 
  0.42700E+03  0.55610E-01  0.72219E-01  0.72422E-01  0.93011E-01  0.10319E+00  0.10687E+00  0.20659E-01  0.18238E-02  0.47762E-03  0.99768E-04  0.62542E-05 
  0.42800E+03  0.55608E-01  0.72217E-01  0.72420E-01  0.93009E-01  0.10318E+00  0.10212E+00  0.19542E-01  0.18238E-02  0.47761E-03  0.99766E-04  0.62541E-05 
  0.42900E+03  0.55607E-01  0.72216E-01  0.72418E-01  0.93007E-01  0.10318E+00  0.97583E-01  0.18486E-01  0.18238E-02  0.47760E-03  0.99764E-04  0.62539E-05 
  0.43000E+03  0.55606E-01  0.72214E-01  0.72417E-01  0.93005E-01  0.10318E+00  0.93245E-01  0.17486E-01  0.18237E-02  0.47759E-03  0.99762E-04  0.62538E-05 
  0.43100E+03  0.55605E-01  0.72213E-01  0.72415E-01  0.93003E-01  0.10318E+00  0.89100E-01  0.16541E-01  0.18237E-02  0.47758E-03  0.99760E-04  0.62537E-05 
  0.43200E+03  0.55604E-01  0.72212E-01  0.72414E-01  0.93002E-01  0.10318E+00  0.85139E-01  0.15647E-01  0.18236E-02  0.47757E-03  0.99758E-04  0.62536E-05 
  0.43300E+03  0.55603E-01  0.72210E-01  0.72413E-01  0.93000E-01  0.10317E+00  0.81354E-01  0.14801E-01  0.18236E-02  0.47756E-03  0.99756E-04  0.62535E-05 
  0.43400E+03  0.55602E-01  0.72209E-01  0.72412E-01  0.92998E-01  0.10317E+00  0.77738E-01  0.14001E-01  0.18236E-02  0.47755E-03  0.99754E-04  0.62534E-05 
  0.43500E+03  0.55601E-01  0.72208E-01  0.72410E-01  0.92997E-01  0.10317E+00  0.74283E-01  0.13244E-01  0.18236E-02  0.47754E-03  0.99753E-04  0.62533E-05 
  0.43600E+03  0.55600E-01  0.72207E-01  0.72409E-01  0.92995E-01  0.10317E+00  0.70981E-01  0.12528E-01  0.18235E-02  0.47754E-03  0.99751E-04  0.62532E-05 
  0.43700E+03  0.55599E-01  0.72206E-01  0.72408E-01  0.92994E-01  0.10317E+00  0.67826E-01  0.11851E-01  0.18235E-02  0.47753E-03  0.99750E-04  0.62531E-05 
  0.43800E+03  0.55599E-01  0.72205E-01  0.72407E-01  0.92992E-01  0.10317E+00  0.64811E-01  0.11211E-01  0.18235E-02  0.47752E-03  0.99748E-04  0.62530E-05 
  0.43900E+03  0.55598E-01  0.72204E-01  0.72406E-01  0.92991E-01  0.10316E+00  0.61930E-01  0.10605E-01  0.18234E-02  0.47751E-03  0.99747E-04  0.62529E-05 
  0.44000E+03  0.55597E-01  0.72203E-01  0.72405E-01  0.92990E-01  0.10316E+00  0.59178E-01  0.10032E-01  0.18234E-02  0.47751E-03  0.99745E-04  0.62528E-05 
  0.44100E+03  0.55596E-01  0.72202E-01  0.72404E-01  0.92989E-01  0.10316E+00  0.56547E-01  0.94895E-02  0.18234E-02  0.47750E-03  0.99744E-04  0.62527E-05 
  0.44200E+03  0.55596E-01  0.72201E-01  0.72403E-01  0.92988E-01  0.10316E+00  0.54034E-01  0.89765E-02  0.18234E-02  0.47750E-03  0.99743E-04  0.62526E-05 
  0.44300E+03  0.55595E-01  0.72200E-01  0.72402E-01  0.92986E-01  0.10316E+00  0.51632E-01  0.84913E-02  0.18234E-02  0.47749E-03  0.99742E-04  0.62526E-05 
  0.44400E+03  0.55594E-01  0.72199E-01  0.72402E-01  0.92985E-01  0.10316E+00  0.49337E-01  0.80324E-02  0.18233E-02  0.47749E-03  0.99741E-04  0.62525E-05 
  0.44500E+03  0.55594E-01  0.72198E-01  0.72401E-01  0.92984E-01  0.10316E+00  0.47144E-01  0.75982E-02  0.18233E-02  0.47748E-03  0.99740E-04  0.62524E-05 
  0.44600E+03  0.55593E-01  0.72198E-01  0.72400E-01  0.92984E-01  0.10316E+00  0.45049E-01  0.71875E-02  0.18233E-02  0.47748E-03  0.99739E-04  0.62524E-05 
  0.44700E+03  0.55593E-01  0.72197E-01  0.72399E-01  0.92983E-01  0.10316E+00  0.43046E-01  0.67990E-02  0.18233E-02  0.47747E-03  0.99738E-04  0.62523E-05 
  0.44800E+03  0.55592E-01  0.72196E-01  0.72399E-01  0.92982E-01  0.10315E+00  0.41133E-01  0.64315E-02  0.18233E-02  0.47747E-03  0.99737E-04  0.62523E-05 
  0.44900E+03  0.55592E-01  0.72196E-01  0.72398E-01  0.92981E-01  0.10315E+00  0.39305E-01  0.60838E-02  0.18232E-02  0.47746E-03  0.99736E-04  0.62522E-05 
  0.45000E+03  0.55591E-01  0.72195E-01  0.72397E-01  0.92980E-01  0.10315E+00  0.37558E-01  0.57550E-02  0.18232E-02  0.47746E-03  0.99735E-04  0.62521E-05 
  0.45100E+03  0.55591E-01  0.72194E-01  0.72397E-01  0.92979E-01  0.10315E+00  0.35888E-01  0.54439E-02  0.18232E-02  0.47745E-03  0.99734E-04  0.62521E-05 
  0.45200E+03  0.55590E-01  0.72194E-01  0.72396E-01  0.92979E-01  0.10315E+00  0.34293E-01  0.51496E-02  0.18232E-02  0.47745E-03  0.99733E-04  0.62521E-05 
  0.45300E+03  0.55590E-01  0.72193E-01  0.72396E-01  0.92978E-01  0.10315E+00  0.32769E-01  0.48713E-02  0.18232E-02  0.47745E-03  0.99733E-04  0.62520E-05 
  0.45400E+03  0.55590E-01  0.72193E-01  0.72395E-01  0.92978E-01  0.10315E+00  0.31313E-01  0.46079E-02  0.18232E-02  0.47744E-03  0.99732E-04  0.62520E-05 
  0.45500E+03  0.55589E-01  0.72193E-01  0.72395E-01  0.92977E-01  0.10315E+00  0.29921E-01  0.43588E-02  0.18232E-02  0.47744E-03  0.99732E-04  0.62519E-05 
  0.45600E+03  0.55589E-01  0.72192E-01  0.72395E-01  0.92976E-01  0.10315E+00  0.28591E-01  0.41233E-02  0.18232E-02  0.47744E-03  0.99731E-04  0.62519E-05 
  0.45700E+03  0.55589E-01  0.72192E-01  0.72394E-01  0.92976E-01  0.10315E+00  0.27322E-01  0.39007E-02  0.18231E-02  0.47744E-03  0.99730E-04  0.62519E-05 
  0.45800E+03  0.55588E-01  0.72191E-01  0.72394E-01  0.92975E-01  0.99397E-01  0.26107E-01  0.39007E-02  0.18231E-02  0.47743E-03  0.99730E-04  0.62518E-05 
  0.45900E+03  0.55588E-01  0.72191E-01  0.72393E-01  0.92975E-01  0.95783E-01  0.24947E-01  0.39007E-02  0.18231E-02  0.47743E-03  0.99729E-04  0.62518E-05 
  0.46000E+03  0.55588E-01  0.72191E-01  0.72393E-01  0.92974E-01  0.92300E-01  0.23839E-01  0.39006E-02  0.18231E-02  0.47743E-03  0.99729E-04  0.62518E-05 
  0.46100E+03  0.55588E-01  0.72190E-01  0.72393E-01  0.92974E-01  0.88943E-01  0.22779E-01  0.39006E-02  0.18231E-02  0.47743E-03  0.99728E-04  0.62517E-05 
  0.46200E+03  0.55587E-01  0.72190E-01  0.72392E-01  0.92974E-01  0.85709E-01  0.21767E-01  0.39006E-02  0.18231E-02  0.47742E-03  0.99728E-04  0.62517E-05 
  0.46300E+03  0.55587E-01  0.72190E-01  0.72392E-01  0.92973E-01  0.82592E-01  0.20800E-01  0.39006E-02  0.18231E-02  0.47742E-03  0.99728E-04  0.62517E-05 
  0.46400E+03  0.55587E-01  0.72189E-01  0.72392E-01  0.92973E-01  0.79589E-01  0.19875E-01  0.39006E-02  0.18231E-02  0.47742E-03  0.99727E-04  0.62517E-05 
  0.46500E+03  0.55587E-01  0.72189E-01  0.72391E-01  0.92973E-01  0.76695E-01  0.18992E-01  0.39006E-02  0.18231E-02  0.47742E-03  0.99727E-04  0.62516E-05 
  0.46600E+03  0.55586E-01  0.72189E-01  0.72391E-01  0.92972E-01  0.73907E-01  0.18148E-01  0.39005E-02  0.18231E-02  0.47742E-03  0.99726E-04  0.62516E-05 
  0.46700E+03  0.55586E-01  0.72189E-01  0.72391E-01  0.92972E-01  0.71219E-01  0.17342E-01  0.39005E-02  0.18231E-02  0.47742E-03  0.99726E-04  0.62516E-05 
  0.46800E+03  0.55586E-01  0.72188E-01  0.72391E-01  0.92972E-01  0.68630E-01  0.16571E-01  0.39005E-02  0.18231E-02  0.47741E-03  0.99726E-04  0.62516E-05 
  0.46900E+03  0.55586E-01  0.72188E-01  0.72391E-01  0.92971E-01  0.66134E-01  0.15835E-01  0.39005E-02  0.18231E-02  0.47741E-03  0.99725E-04  0.62516E-05 
  0.47000E+03  0.55586E-01  0.72188E-01  0.72390E-01  0.92971E-01  0.63730E-01  0.15131E-01  0.39005E-02  0.18231E-02  0.47741E-03  0.99725E-04  0.62515E-05 
  0.47100E+03  0.55586E-01  0.72188E-01  0.72390E-01  0.92971E-01  0.61412E-01  0.14459E-01  0.39005E-02  0.18230E-02  0.47741E-03  0.99725E-04  0.62515E-05 
  0.47200E+03  0.55585E-01  0.72188E-01  0.72390E-01  0.92971E-01  0.59180E-01  0.13816E-01  0.39005E-02  0.18230E-02  0.47741E-03  0.99725E-04  0.62515E-05 
  0.47300E+03  0.55585E-01  0.72187E-01  0.72390E-01  0.92970E-01  0.57028E-01  0.13203E-01  0.39005E-02  0.18230E-02  0.47741E-03  0.99724E-04  0.62515E-05 
  0.47400E+03  0.55585E-01  0.72187E-01  0.72390E-01  0.92970E-01  0.54954E-01  0.12616E-01  0.39005E-02  0.18230E-02  0.47741E-03  0.99724E-04  0.62515E-05 
  0.47500E+03  0.55585E-01  0.72187E-01  0.72390E-01  0.92970E-01  0.52956E-01  0.12055E-01  0.39004E-02  0.18230E-02  0.47741E-03  0.99724E-04  0.62515E-05 
  0.47600E+03  0.55585E-01  0.72187E-01  0.72389E-01  0.92970E-01  0.51030E-01  0.11519E-01  0.39004E-02  0.18230E-02  0.47741E-03  0.99724E-04  0.62514E-05 
  0.47700E+03  0.55585E-01  0.72187E-01  0.72389E-01  0.92970E-01  0.49175E-01  0.11008E-01  0.39004E-02  0.18230E-02  0.47740E-03  0.99724E-04  0.62514E-05 
  0.47800E+03  0.55585E-01  0.72187E-01  0.72389E-01  0.92969E-01  0.47387E-01  0.10518E-01  0.39004E-02  0.18230E-02  0.47740E-03  0.99723E-04  0.62514E-05 
  0.47900E+03  0.55585E-01  0.72187E-01  0.72389E-01  0.92969E-01  0.45663E-01  0.10051E-01  0.39004E-02  0.18230E-02  0.47740E-03  0.99723E-04  0.62514E-05 
  0.48000E+03  0.55585E-01  0.72186E-01  0.72389E-01  0.92969E-01  0.44003E-01  0.96042E-02  0.39004E-02  0.18230E-02  0.47740E-03  0.99723E-04  0.62514E-05 
  0.48100E+03  0.55585E-01  0.72186E-01  0.72389E-01  0.92969E-01  0.42403E-01  0.91773E-02  0.39004E-02  0.18230E-02  0.47740E-03  0.99723E-04  0.62514E-05 
  0.48200E+03  0.55584E-01  0.72186E-01  0.72389E-01  0.92969E-01  0.40861E-01  0.87694E-02  0.39004E-02  0.18230E-02  0.47740E-03  0.99723E-04  0.62514E-05 
  0.48300E+03  0.55584E-01  0.72186E-01  0.72389E-01  0.92969E-01  0.39375E-01  0.83797E-02  0.39004E-02  0.18230E-02  0.47740E-03  0.99723E-04  0.62514E-05 
  0.48400E+03  0.55584E-01  0.72186E-01  0.72389E-01  0.92969E-01  0.37943E-01  0.80072E-02  0.39004E-02  0.18230E-02  0.47740E-03  0.99723E-04  0.62514E-05 
  0.48500E+03  0.55584E-01  0.72186E-01  0.72388E-01  0.92969E-01  0.36563E-01  0.76513E-02  0.39004E-02  0.18230E-02  0.47740E-03  0.99723E-04  0.62514E-05 
  0.48600E+03  0.55584E-01  0.72186E-01  0.72388E-01  0.92969E-01  0.35234E-01  0.73113E-02  0.39004E-02  0.18230E-02  0.47740E-03  0.99722E-04  0.62514E-05 
  0.48700E+03  0.55584E-01  0.72186E-01  0.72388E-01  0.92968E-01  0.33954E-01  0.69868E-02  0.39004E-02  0.18230E-02  0.47740E-03  0.99722E-04  0.62514E-05 
  0.48800E+03  0.55584E-01  0.72186E-01  0.72388E-01  0.90108E-01  0.32719E-01  0.69868E-02  0.39004E-02  0.18230E-02  0.47740E-03  0.99722E-04  0.62514E-05 
  0.48900E+03  0.55584E-01  0.72186E-01  0.72388E-01  0.87336E-01  0.31530E-01  0.69868E-02  0.39004E-02  0.18230E-02  0.47740E-03  0.99722E-04  0.62513E-05 
  0.49000E+03  0.55584E-01  0.72186E-01  0.72388E-01  0.84649E-01  0.30383E-01  0.69868E-02  0.39004E-02  0.18230E-02  0.47740E-03  0.99722E-04  0.62513E-05 
  0.49100E+03  0.55584E-01  0.72186E-01  0.72388E-01  0.82044E-01  0.29279E-01  0.69867E-02  0.39004E-02  0.18230E-02  0.47740E-03  0.99722E-04  0.62513E-05 
  0.49200E+03  0.55584E-01  0.72186E-01  0.72388E-01  0.79520E-01  0.28214E-01  0.69867E-02  0.39004E-02  0.18230E-02  0.47740E-03  0.99722E-04  0.62513E-05 
  0.49300E+03  0.55584E-01  0.72186E-01  0.72388E-01  0.77074E-01  0.27188E-01  0.69867E-02  0.39004E-02  0.18230E-02  0.47740E-03  0.99722E-04  0.62513E-05 
  0.49400E+03  0.55584E-01  0.72186E-01  0.72388E-01  0.74702E-01  0.26200E-01  0.69867E-02  0.39004E-02  0.18230E-02  0.47740E-03  0.99722E-04  0.62513E-05 
  0.49500E+03  0.55584E-01  0.72185E-01  0.72388E-01  0.72404E-01  0.25247E-01  0.69867E-02  0.39004E-02  0.18230E-02  0.47740E-03  0.99722E-04  0.62513E-05 
  0.49600E+03  0.55584E-01  0.72185E-01  0.72388E-01  0.70176E-01  0.24329E-01  0.69867E-02  0.39004E-02  0.18230E-02  0.47740E-03  0.99722E-04  0.62513E-05 
  0.49700E+03  0.55584E-01  0.72185E-01  0.72388E-01  0.68017E-01  0.23445E-01  0.69867E-02  0.39004E-02  0.18230E-02  0.47739E-03  0.99722E-04  0.62513E-05 
  0.49800E+03  0.55584E-01  0.72185E-01  0.72388E-01  0.65925E-01  0.22592E-01  0.69867E-02  0.39004E-02  0.18230E-02  0.47739E-03  0.99722E-04  0.62513E-05 
  0.49900E+03  0.55584E-01  0.72185E-01  0.72388E-01  0.63897E-01  0.21771E-01  0.69867E-02  0.39004E-02  0.18230E-02  0.47739E-03  0.99722E-04  0.62513E-05 
  0.50000E+03  0.55584E-01  0.72185E-01  0.72388E-01  0.61931E-01  0.20980E-01  0.69867E-02  0.39004E-02  0.18230E-02  0.47739E-03  0.99722E-04  0.62513E-05 
  0.50100E+03  0.55584E-01  0.72185E-01  0.72388E-01  0.60026E-01  0.20217E-01  0.69867E-02  0.39004E-02  0.18230E-02  0.47739E-03  0.99722E-04  0.62513E-05 
  0.50200E+03  0.55584E-01  0.72185E-01  0.72388E-01  0.58179E-01  0.19482E-01  0.69867E-02  0.39004E-02  0.18230E-02  0.47739E-03  0.99722E-04  0.62513E-05 
  0.50300E+03  0.55584E-01  0.72185E-01  0.72388E-01  0.56389E-01  0.18774E-01  0.69867E-02  0.39003E-02  0.18230E-02  0.47739E-03  0.99722E-04  0.62513E-05 
  0.50400E+03  0.55584E-01  0.72185E-01  0.72388E-01  0.54654E-01  0.18091E-01  0.69867E-02  0.39003E-02  0.18230E-02  0.47739E-03  0.99721E-04  0.62513E-05 
  0.50500E+03  0.55584E-01  0.72185E-01  0.72388E-01  0.52973E-01  0.17433E-01  0.69867E-02  0.39003E-02  0.18230E-02  0.47739E-03  0.99721E-04  0.62513E-05 
  0.50600E+03  0.55584E-01  0.72185E-01  0.72388E-01  0.51343E-01  0.16800E-01  0.69867E-02  0.39003E-02  0.18230E-02  0.47739E-03  0.99721E-04  0.62513E-05 
  0.50700E+03  0.55584E-01  0.72185E-01  0.72388E-01  0.49763E-01  0.16189E-01  0.69867E-02  0.39003E-02  0.18230E-02  0.47739E-03  0.99721E-04  0.62513E-05 
  0.50800E+03  0.55584E-01  0.72185E-01  0.72388E-01  0.48232E-01  0.15600E-01  0.69867E-02  0.39003E-02  0.18230E-02  0.47739E-03  0.99721E-04  0.62513E-05 
  0.50900E+03  0.55584E-01  0.72185E-01  0.72388E-01  0.46748E-01  0.15033E-01  0.69867E-02  0.39003E-02  0.18230E-02  0.47739E-03  0.99721E-04  0.62513E-05 
  0.51000E+03  0.55584E-01  0.72185E-01  0.72388E-01  0.45310E-01  0.14486E-01  0.69867E-02  0.39003E-02  0.18230E-02  0.47739E-03  0.99721E-04  0.62513E-05 
  0.51100E+03  0.55584E-01  0.72185E-01  0.72388E-01  0.43916E-01  0.13959E-01  0.69867E-02  0.39003E-02  0.18230E-02  0.47739E-03  0.99721E-04  0.62513E-05 
  0.51200E+03  0.55584E-01  0.72185E-01  0.72388E-01  0.42564E-01  0.13452E-01  0.69867E-02  0.39003E-02  0.18230E-02  0.47739E-03  0.99721E-04  0.62513E-05 
  0.51300E+03  0.55584E-01  0.72185E-01  0.72388E-01  0.41255E-01  0.12963E-01  0.69867E-02  0.39003E-02  0.18230E-02  0.47739E-03  0.99721E-04  0.62513E-05 
  0.51400E+03  0.55584E-01  0.72185E-01  0.72388E-01  0.39985E-01  0.12491E-01  0.69867E-02  0.39003E-02  0.18230E-02  0.47739E-03  0.99721E-04  0.62513E-05 
  0.51500E+03  0.55584E-01  0.72185E-01  0.72388E-01  0.38755E-01  0.12037E-01  0.69867E-02  0.39003E-02  0.18230E-02  0.47739E-03  0.99721E-04  0.62513E-05 
  0.51600E+03  0.55584E-01  0.72185E-01  0.72387E-01  0.37563E-01  0.11599E-01  0.69867E-02  0.39003E-02  0.18230E-02  0.47739E-03  0.99721E-04  0.62513E-05 
  0.51700E+03  0.55584E-01  0.72185E-01  0.72387E-01  0.36408E-01  0.11178E-01  0.69867E-02  0.39003E-02  0.18230E-02  0.47739E-03  0.99721E-04  0.62513E-05 
  0.51800E+03  0.55584E-01  0.72185E-01  0.70457E-01  0.35288E-01  0.11178E-01  0.69867E-02  0.39003E-02  0.18230E-02  0.47739E-03  0.99721E-04  0.62513E-05 
  0.51900E+03  0.55584E-01  0.72185E-01  0.68579E-01  0.34202E-01  0.11178E-01  0.69867E-02  0.39003E-02  0.18230E-02  0.47739E-03  0.99721E-04  0.62513E-05 
  0.52000E+03  0.55584E-01  0.72185E-01  0.66750E-01  0.33150E-01  0.11178E-01  0.69867E-02  0.39003E-02  0.18230E-02  0.47739E-03  0.99721E-04  0.62513E-05 
  0.52100E+03  0.55584E-01  0.72185E-01  0.64970E-01  0.32130E-01  0.11178E-01  0.69867E-02  0.39003E-02  0.18230E-02  0.47739E-03  0.99721E-04  0.62513E-05 
  0.52200E+03  0.55584E-01  0.72185E-01  0.63238E-01  0.31142E-01  0.11178E-01  0.69867E-02  0.39003E-02  0.18230E-02  0.47739E-03  0.99721E-04  0.62513E-05 
  0.52300E+03  0.55584E-01  0.72185E-01  0.61552E-01  0.30184E-01  0.11178E-01  0.69867E-02  0.39003E-02  0.18230E-02  0.47739E-03  0.99721E-04  0.62513E-05 
  0.52400E+03  0.55584E-01  0.72185E-01  0.59910E-01  0.29255E-01  0.11178E-01  0.69867E-02  0.39003E-02  0.18230E-02  0.47739E-03  0.99721E-04  0.62513E-05 
  0.52500E+03  0.55584E-01  0.72185E-01  0.58313E-01  0.28355E-01  0.11178E-01  0.69867E-02  0.39003E-02  0.18230E-02  0.47739E-03  0.99721E-04  0.62513E-05 
  0.52600E+03  0.55584E-01  0.72185E-01  0.56758E-01  0.27483E-01  0.11178E-01  0.69867E-02  0.39003E-02  0.18230E-02  0.47739E-03  0.99721E-04  0.62513E-05 
  0.52700E+03  0.55584E-01  0.72185E-01  0.55245E-01  0.26637E-01  0.11178E-01  0.69867E-02  0.39003E-02  0.18230E-02  0.47739E-03  0.99721E-04  0.62513E-05 
  0.52800E+03  0.55584E-01  0.72185E-01  0.53772E-01  0.25818E-01  0.11178E-01  0.69867E-02  0.39003E-02  0.18230E-02  0.47739E-03  0.99721E-04  0.62513E-05 
  0.52900E+03  0.55584E-01  0.72185E-01  0.52338E-01  0.25023E-01  0.11178E-01  0.69867E-02  0.39003E-02  0.18230E-02  0.47739E-03  0.99721E-04  0.62513E-05 
  0.53000E+03  0.55584E-01  0.72185E-01  0.50942E-01  0.24254E-01  0.11178E-01  0.69867E-02  0.39003E-02  0.18230E-02  0.47739E-03  0.99721E-04  0.62513E-05 
  0.53100E+03  0.55584E-01  0.72185E-01  0.49584E-01  0.23508E-01  0.11178E-01  0.69867E-02  0.39003E-02  0.18230E-02  0.47739E-03  0.99721E-04  0.62513E-05 
  0.53200E+03  0.55584E-01  0.72185E-01  0.48262E-01  0.22784E-01  0.11178E-01  0.69867E-02  0.39003E-02  0.18230E-02  0.47739E-03  0.99721E-04  0.62513E-05 
  0.53300E+03  0.55584E-01  0.72185E-01  0.46975E-01  0.22083E-01  0.11178E-01  0.69867E-02  0.39003E-02  0.18230E-02  0.47739E-03  0.99721E-04  0.62513E-05 
  0.53400E+03  0.55584E-01  0.72185E-01  0.45723E-01  0.21404E-01  0.11178E-01  0.69867E-02  0.39003E-02  0.18230E-02  0.47739E-03  0.99721E-04  0.62513E-05 
  0.53500E+03  0.55584E-01  0.72185E-01  0.44504E-01  0.20746E-01  0.11178E-01  0.69867E-02  0.39003E-02  0.18230E-02  0.47739E-03  0.99721E-04  0.62513E-05 
  0.53600E+03  0.55584E-01  0.72185E-01  0.43317E-01  0.20107E-01  0.11178E-01  0.69867E-02  0.39003E-02  0.18230E-02  0.47739E-03  0.99721E-04  0.62513E-05 
  0.53700E+03  0.55584E-01  0.72185E-01  0.42162E-01  0.19489E-01  0.11178E-01  0.69867E-02  0.39003E-02  0.18230E-02  0.47739E-03  0.99721E-04  0.62513E-05 
  0.53800E+03  0.55584E-01  0.72185E-01  0.41038E-01  0.18889E-01  0.11178E-01  0.69867E-02  0.39003E-02  0.18230E-02  0.47739E-03  0.99721E-04  0.62513E-05 
  0.53900E+03  0.55584E-01  0.72185E-01  0.39944E-01  0.18308E-01  0.11178E-01  0.69867E-02  0.39003E-02  0.18230E-02  0.47739E-03  0.99721E-04  0.62513E-05 
  0.54000E+03  0.55584E-01  0.72185E-01  0.38879E-01  0.17745E-01  0.11178E-01  0.69867E-02  0.39003E-02  0.18230E-02  0.47739E-03  0.99721E-04  0.62513E-05 
  0.54100E+03  0.55584E-01  0.72185E-01  0.37842E-01  0.17199E-01  0.11178E-01  0.69867E-02  0.39003E-02  0.18230E-02  0.47739E-03  0.99721E-04  0.62513E-05 
  0.54200E+03  0.55584E-01  0.72185E-01  0.36833E-01  0.16670E-01  0.11178E-01  0.69867E-02  0.39003E-02  0.18230E-02  0.47739E-03  0.99721E-04  0.62513E-05 
  0.54300E+03  0.55584E-01  0.72185E-01  0.35851E-01  0.16157E-01  0.11178E-01  0.69867E-02  0.39003E-02  0.18230E-02  0.47739E-03  0.99721E-04  0.62513E-05 
  0.54400E+03  0.55584E-01  0.72185E-01  0.34895E-01  0.15660E-01  0.11178E-01  0.69867E-02  0.39003E-02  0.18230E-02  0.47739E-03  0.99721E-04  0.62513E-05 
  0.54500E+03  0.55584E-01  0.72185E-01  0.33964E-01  0.15178E-01  0.11178E-01  0.69867E-02  0.39003E-02  0.18230E-02  0.47739E-03  0.99721E-04  0.62513E-05 
  0.54600E+03  0.55584E-01  0.72185E-01  0.33059E-01  0.14711E-01  0.11178E-01  0.69867E-02  0.39003E-02  0.18230E-02  0.47739E-03  0.99721E-04  0.62513E-05 
  0.54700E+03  0.55584E-01  0.72185E-01  0.32178E-01  0.14259E-01  0.11178E-01  0.69867E-02  0.39003E-02  0.18230E-02  0.47739E-03  0.99721E-04  0.62513E-05 
  0.54800E+03  0.55584E-01  0.70403E-01  0.31320E-01  0.14259E-01  0.11178E-01  0.69867E-02  0.39003E-02  0.18230E-02  0.47739E-03  0.99721E-04  0.62513E-05 
  0.54900E+03  0.55584E-01  0.68665E-01  0.30485E-01  0.14259E-01  0.11178E-01  0.69867E-02  0.39003E-02  0.18230E-02  0.47739E-03  0.99721E-04  0.62513E-05 
  0.55000E+03  0.55584E-01  0.66969E-01  0.29672E-01  0.14259E-01  0.11178E-01  0.69867E-02  0.39003E-02  0.18230E-02  0.47739E-03  0.99721E-04  0.62513E-05 
  0.55100E+03  0.55584E-01  0.65316E-01  0.28881E-01  0.14259E-01  0.11178E-01  0.69867E-02  0.39003E-02  0.18230E-02  0.47739E-03  0.99721E-04  0.62513E-05 
  0.55200E+03  0.55584E-01  0.63703E-01  0.28111E-01  0.14259E-01  0.11178E-01  0.69867E-02  0.39003E-02  0.18230E-02  0.47739E-03  0.99721E-04  0.62513E-05 
  0.55300E+03  0.55584E-01  0.62130E-01  0.27361E-01  0.14259E-01  0.11178E-01  0.69867E-02  0.39003E-02  0.18230E-02  0.47739E-03  0.99721E-04  0.62513E-05 
  0.55400E+03  0.55584E-01  0.60596E-01  0.26632E-01  0.14259E-01  0.11178E-01  0.69867E-02  0.39003E-02  0.18230E-02  0.47739E-03  0.99721E-04  0.62513E-05 
  0.55500E+03  0.55584E-01  0.59100E-01  0.25921E-01  0.14259E-01  0.11178E-01  0.69867E-02  0.39003E-02  0.18230E-02  0.47739E-03  0.99721E-04  0.62513E-05 
  0.55600E+03  0.55584E-01  0.57641E-01  0.25230E-01  0.14259E-01  0.11178E-01  0.69867E-02  0.39003E-02  0.18230E-02  0.47739E-03  0.99721E-04  0.62513E-05 
  0.55700E+03  0.55584E-01  0.56218E-01  0.24558E-01  0.14259E-01  0.11178E-01  0.69867E-02  0.39003E-02  0.18230E-02  0.47739E-03  0.99721E-04  0.62513E-05 
  0.55800E+03  0.55584E-01  0.54830E-01  0.23903E-01  0.14259E-01  0.11178E-01  0.69867E-02  0.39003E-02  0.18230E-02  0.47739E-03  0.99721E-04  0.62513E-05 
  0.55900E+03  0.55584E-01  0.53477E-01  0.23265E-01  0.14259E-01  0.11178E-01  0.69867E-02  0.39003E-02  0.18230E-02  0.47739E-03  0.99721E-04  0.62513E-05 
  0.56000E+03  0.55584E-01  0.52156E-01  0.22645E-01  0.14259E-01  0.11178E-01  0.69867E-02  0.39003E-02  0.18230E-02  0.47739E-03  0.99721E-04  0.62513E-05 
  0.56100E+03  0.55584E-01  0.50869E-01  0.22041E-01  0.14259E-01  0.11178E-01  0.69867E-02  0.39003E-02  0.18230E-02  0.47739E-03  0.99721E-04  0.62513E-05 
  0.56200E+03  0.55584E-01  0.49613E-01  0.21454E-01  0.14259E-01  0.11178E-01  0.69867E-02  0.39003E-02  0.18230E-02  0.47739E-03  0.99721E-04  0.62513E-05 
  0.56300E+03  0.55584E-01  0.48388E-01  0.20882E-01  0.14259E-01  0.11178E-01  0.69867E-02  0.39003E-02  0.18230E-02  0.47739E-03  0.99721E-04  0.62513E-05 
  0.56400E+03  0.55584E-01  0.47193E-01  0.20325E-01  0.14259E-01  0.11178E-01  0.69867E-02  0.39003E-02  0.18230E-02  0.47739E-03  0.99721E-04  0.62513E-05 
  0.56500E+03  0.55584E-01  0.46028E-01  0.19783E-01  0.14259E-01  0.11178E-01  0.69867E-02  0.39003E-02  0.18230E-02  0.47739E-03  0.99721E-04  0.62513E-05 
  0.56600E+03  0.55584E-01  0.44892E-01  0.19256E-01  0.14259E-01  0.11178E-01  0.69867E-02  0.39003E-02  0.18230E-02  0.47739E-03  0.99721E-04  0.62513E-05 
  0.56700E+03  0.55584E-01  0.43784E-01  0.18742E-01  0.14259E-01  0.11178E-01  0.69867E-02  0.39003E-02  0.18230E-02  0.47739E-03  0.99721E-04  0.62513E-05 
  0.56800E+03  0.55584E-01  0.42703E-01  0.18242E-01  0.14259E-01  0.11178E-01  0.69867E-02  0.39003E-02  0.18230E-02  0.47739E-03  0.99721E-04  0.62513E-05 
  0.56900E+03  0.55584E-01  0.41648E-01  0.17756E-01  0.14259E-01  0.11178E-01  0.69867E-02  0.39003E-02  0.18230E-02  0.47739E-03  0.99721E-04  0.62513E-05 
  0.57000E+03  0.55584E-01  0.40620E-01  0.17283E-01  0.14259E-01  0.11178E-01  0.69867E-02  0.39003E-02  0.18230E-02  0.47739E-03  0.99721E-04  0.62513E-05 
  0.57100E+03  0.55584E-01  0.39617E-01  0.16822E-01  0.14259E-01  0.11178E-01  0.69867E-02  0.39003E-02  0.18230E-02  0.47739E-03  0.99721E-04  0.62513E-05 
  0.57200E+03  0.55584E-01  0.38639E-01  0.16373E-01  0.14259E-01  0.11178E-01  0.69867E-02  0.39003E-02  0.18230E-02  0.47739E-03  0.99721E-04  0.62513E-05 
  0.57300E+03  0.55584E-01  0.37685E-01  0.15937E-01  0.14259E-01  0.11178E-01  0.69867E-02  0.39003E-02  0.18230E-02  0.47739E-03  0.99721E-04  0.62513E-05 
  0.57400E+03  0.55584E-01  0.36754E-01  0.15512E-01  0.14259E-01  0.11178E-01  0.69867E-02  0.39003E-02  0.18230E-02  0.47739E-03  0.99721E-04  0.62513E-05 
  0.57500E+03  0.55584E-01  0.35847E-01  0.15098E-01  0.14259E-01  0.11178E-01  0.69867E-02  0.39003E-02  0.18230E-02  0.47739E-03  0.99721E-04  0.62513E-05 
  0.57600E+03  0.55584E-01  0.34962E-01  0.14696E-01  0.14259E-01  0.11178E-01  0.69867E-02  0.39003E-02  0.18230E-02  0.47739E-03  0.99721E-04  0.62513E-05 
  0.57700E+03  0.55583E-01  0.34100E-01  0.14304E-01  0.14259E-01  0.11178E-01  0.69867E-02  0.39003E-02  0.18230E-02  0.47739E-03  0.99721E-04  0.62513E-05 
  0.57800E+03  0.54211E-01  0.33258E-01  0.14304E-01  0.14259E-01  0.11178E-01  0.69867E-02  0.39003E-02  0.18230E-02  0.47739E-03  0.99721E-04  0.62513E-05 
  0.57900E+03  0.52873E-01  0.32437E-01  0.14304E-01  0.14259E-01  0.11178E-01  0.69867E-02  0.39003E-02  0.18230E-02  0.47739E-03  0.99721E-04  0.62513E-05 
  0.58000E+03  0.51567E-01  0.31636E-01  0.14304E-01  0.14259E-01  0.11178E-01  0.69867E-02  0.39003E-02  0.18230E-02  0.47739E-03  0.99721E-04  0.62513E-05 
  0.58100E+03  0.50294E-01  0.30855E-01  0.14304E-01  0.14259E-01  0.11178E-01  0.69867E-02  0.39003E-02  0.18230E-02  0.47739E-03  0.99721E-04  0.62513E-05 
  0.58200E+03  0.49053E-01  0.30093E-01  0.14304E-01  0.14259E-01  0.11178E-01  0.69867E-02  0.39003E-02  0.18230E-02  0.47739E-03  0.99721E-04  0.62513E-05 
  0.58300E+03  0.47841E-01  0.29350E-01  0.14304E-01  0.14259E-01  0.11178E-01  0.69867E-02  0.39003E-02  0.18230E-02  0.47739E-03  0.99721E-04  0.62513E-05 
  0.58400E+03  0.46660E-01  0.28625E-01  0.14304E-01  0.14259E-01  0.11178E-01  0.69867E-02  0.39003E-02  0.18230E-02  0.47739E-03  0.99721E-04  0.62513E-05 
  0.58500E+03  0.45508E-01  0.27919E-01  0.14304E-01  0.14259E-01  0.11178E-01  0.69867E-02  0.39003E-02  0.18230E-02  0.47739E-03  0.99721E-04  0.62513E-05 
  0.58600E+03  0.44385E-01  0.27229E-01  0.14304E-01  0.14259E-01  0.11178E-01  0.69867E-02  0.39003E-02  0.18230E-02  0.47739E-03  0.99721E-04  0.62513E-05 
  0.58700E+03  0.43289E-01  0.26557E-01  0.14304E-01  0.14259E-01  0.11178E-01  0.69867E-02  0.39003E-02  0.18230E-02  0.47739E-03  0.99721E-04  0.62513E-05 
  0.58800E+03  0.42220E-01  0.25902E-01  0.14304E-01  0.14259E-01  0.11178E-01  0.69867E-02  0.39003E-02  0.18230E-02  0.47739E-03  0.99721E-04  0.62513E-05 
  0.58900E+03  0.41178E-01  0.25262E-01  0.14304E-01  0.14259E-01  0.11178E-01  0.69867E-02  0.39003E-02  0.18230E-02  0.47739E-03  0.99721E-04  0.62513E-05 
  0.59000E+03  0.40161E-01  0.24638E-01  0.14304E-01  0.14259E-01  0.11178E-01  0.69867E-02  0.39003E-02  0.18230E-02  0.47739E-03  0.99721E-04  0.62513E-05 
  0.59100E+03  0.39170E-01  0.24030E-01  0.14304E-01  0.14259E-01  0.11178E-01  0.69867E-02  0.39003E-02  0.18230E-02  0.47739E-03  0.99721E-04  0.62513E-05 
  0.59200E+03  0.38203E-01  0.23437E-01  0.14304E-01  0.14259E-01  0.11178E-01  0.69867E-02  0.39003E-02  0.18230E-02  0.47739E-03  0.99721E-04  0.62513E-05 
  0.59300E+03  0.37260E-01  0.22858E-01  0.14304E-01  0.14259E-01  0.11178E-01  0.69867E-02  0.39003E-02  0.18230E-02  0.47739E-03  0.99721E-04  0.62513E-05 
  0.59400E+03  0.36340E-01  0.22294E-01  0.14304E-01  0.14259E-01  0.11178E-01  0.69867E-02  0.39003E-02  0.18230E-02  0.47739E-03  0.99721E-04  0.62513E-05 
  0.59500E+03  0.35443E-01  0.21744E-01  0.14304E-01  0.14259E-01  0.11178E-01  0.69867E-02  0.39003E-02  0.18230E-02  0.47739E-03  0.99721E-04  0.62513E-05 
  0.59600E+03  0.34568E-01  0.21207E-01  0.14304E-01  0.14259E-01  0.11178E-01  0.69867E-02  0.39003E-02  0.18230E-02  0.47739E-03  0.99721E-04  0.62513E-05 
  0.59700E+03  0.33714E-01  0.20683E-01  0.14304E-01  0.14259E-01  0.11178E-01  0.69867E-02  0.39003E-02  0.18230E-02  0.47739E-03  0.99721E-04  0.62513E-05 
  0.59800E+03  0.32882E-01  0.20173E-01  0.14304E-01  0.14259E-01  0.11178E-01  0.69867E-02  0.39003E-02  0.18230E-02  0.47739E-03  0.99721E-04  0.62513E-05 
  0.59900E+03  0.32070E-01  0.19675E-01  0.14304E-01  0.14259E-01  0.11178E-01  0.69867E-02  0.39003E-02  0.18230E-02  0.47739E-03  0.99721E-04  0.62513E-05 
  0.60000E+03  0.31278E-01  0.19189E-01  0.14304E-01  0.14259E-01  0.11178E-01  0.69867E-02  0.39003E-02  0.18230E-02  0.47739E-03  0.99721E-04  0.62513E-05 
