TITLE = "Xvacc001_0"
VARIABLES = "time" 
 "   1" "   2" "   3" "   4" "   5" "   6" "   7" "   8" "   9" "  10" "  11"
 ZONE T="Xvacc001_0"  F=POINT, I=         601 , J=1, K=1
  0.00000E+00  0.00000E+00  0.00000E+00  0.00000E+00  0.00000E+00  0.00000E+00  0.00000E+00  0.00000E+00  0.00000E+00  0.00000E+00  0.00000E+00  0.00000E+00 
  0.10000E+01  0.00000E+00  0.00000E+00  0.00000E+00  0.00000E+00  0.00000E+00  0.00000E+00  0.00000E+00  0.00000E+00  0.00000E+00  0.00000E+00  0.00000E+00 
  0.20000E+01  0.00000E+00  0.00000E+00  0.00000E+00  0.00000E+00  0.00000E+00  0.00000E+00  0.00000E+00  0.00000E+00  0.00000E+00  0.00000E+00  0.00000E+00 
  0.30000E+01  0.00000E+00  0.00000E+00  0.00000E+00  0.00000E+00  0.00000E+00  0.00000E+00  0.00000E+00  0.00000E+00  0.00000E+00  0.00000E+00  0.00000E+00 
  0.40000E+01  0.00000E+00  0.00000E+00  0.00000E+00  0.00000E+00  0.00000E+00  0.00000E+00  0.00000E+00  0.00000E+00  0.00000E+00  0.00000E+00  0.00000E+00 
  0.50000E+01  0.00000E+00  0.00000E+00  0.00000E+00  0.00000E+00  0.00000E+00  0.00000E+00  0.00000E+00  0.00000E+00  0.00000E+00  0.00000E+00  0.00000E+00 
  0.60000E+01  0.00000E+00  0.00000E+00  0.00000E+00  0.00000E+00  0.00000E+00  0.00000E+00  0.00000E+00  0.00000E+00  0.00000E+00  0.00000E+00  0.00000E+00 
  0.70000E+01  0.00000E+00  0.00000E+00  0.00000E+00  0.00000E+00  0.00000E+00  0.00000E+00  0.00000E+00  0.00000E+00  0.00000E+00  0.00000E+00  0.00000E+00 
  0.80000E+01  0.00000E+00  0.00000E+00  0.00000E+00  0.00000E+00  0.00000E+00  0.00000E+00  0.00000E+00  0.00000E+00  0.00000E+00  0.00000E+00  0.00000E+00 
  0.90000E+01  0.00000E+00  0.00000E+00  0.00000E+00  0.00000E+00  0.00000E+00  0.00000E+00  0.00000E+00  0.00000E+00  0.00000E+00  0.00000E+00  0.00000E+00 
  0.10000E+02  0.00000E+00  0.00000E+00  0.00000E+00  0.00000E+00  0.00000E+00  0.00000E+00  0.00000E+00  0.00000E+00  0.00000E+00  0.00000E+00  0.00000E+00 
  0.11000E+02  0.00000E+00  0.00000E+00  0.00000E+00  0.00000E+00  0.00000E+00  0.00000E+00  0.00000E+00  0.00000E+00  0.00000E+00  0.00000E+00  0.00000E+00 
  0.12000E+02  0.00000E+00  0.00000E+00  0.00000E+00  0.00000E+00  0.00000E+00  0.00000E+00  0.00000E+00  0.00000E+00  0.00000E+00  0.00000E+00  0.00000E+00 
  0.13000E+02  0.00000E+00  0.00000E+00  0.00000E+00  0.00000E+00  0.00000E+00  0.00000E+00  0.00000E+00  0.00000E+00  0.00000E+00  0.00000E+00  0.00000E+00 
  0.14000E+02  0.00000E+00  0.00000E+00  0.00000E+00  0.00000E+00  0.00000E+00  0.00000E+00  0.00000E+00  0.00000E+00  0.00000E+00  0.00000E+00  0.00000E+00 
  0.15000E+02  0.00000E+00  0.00000E+00  0.00000E+00  0.00000E+00  0.00000E+00  0.00000E+00  0.00000E+00  0.00000E+00  0.00000E+00  0.00000E+00  0.00000E+00 
  0.16000E+02  0.00000E+00  0.00000E+00  0.00000E+00  0.00000E+00  0.00000E+00  0.00000E+00  0.00000E+00  0.00000E+00  0.00000E+00  0.00000E+00  0.00000E+00 
  0.17000E+02  0.00000E+00  0.00000E+00  0.00000E+00  0.00000E+00  0.00000E+00  0.00000E+00  0.00000E+00  0.00000E+00  0.00000E+00  0.00000E+00  0.00000E+00 
  0.18000E+02  0.00000E+00  0.00000E+00  0.00000E+00  0.00000E+00  0.00000E+00  0.00000E+00  0.00000E+00  0.00000E+00  0.00000E+00  0.00000E+00  0.00000E+00 
  0.19000E+02  0.00000E+00  0.00000E+00  0.00000E+00  0.00000E+00  0.00000E+00  0.00000E+00  0.00000E+00  0.00000E+00  0.00000E+00  0.00000E+00  0.00000E+00 
  0.20000E+02  0.00000E+00  0.00000E+00  0.00000E+00  0.00000E+00  0.00000E+00  0.00000E+00  0.00000E+00  0.00000E+00  0.00000E+00  0.00000E+00  0.00000E+00 
  0.21000E+02  0.00000E+00  0.00000E+00  0.00000E+00  0.00000E+00  0.00000E+00  0.00000E+00  0.00000E+00  0.00000E+00  0.00000E+00  0.00000E+00  0.00000E+00 
  0.22000E+02  0.00000E+00  0.00000E+00  0.00000E+00  0.00000E+00  0.00000E+00  0.00000E+00  0.00000E+00  0.00000E+00  0.00000E+00  0.00000E+00  0.00000E+00 
  0.23000E+02  0.00000E+00  0.00000E+00  0.00000E+00  0.00000E+00  0.00000E+00  0.00000E+00  0.00000E+00  0.00000E+00  0.00000E+00  0.00000E+00  0.00000E+00 
  0.24000E+02  0.00000E+00  0.00000E+00  0.00000E+00  0.00000E+00  0.00000E+00  0.00000E+00  0.00000E+00  0.00000E+00  0.00000E+00  0.00000E+00  0.00000E+00 
  0.25000E+02  0.00000E+00  0.00000E+00  0.00000E+00  0.00000E+00  0.00000E+00  0.00000E+00  0.00000E+00  0.00000E+00  0.00000E+00  0.00000E+00  0.00000E+00 
  0.26000E+02  0.00000E+00  0.00000E+00  0.00000E+00  0.00000E+00  0.00000E+00  0.00000E+00  0.00000E+00  0.00000E+00  0.00000E+00  0.00000E+00  0.00000E+00 
  0.27000E+02  0.00000E+00  0.00000E+00  0.00000E+00  0.00000E+00  0.00000E+00  0.00000E+00  0.00000E+00  0.00000E+00  0.00000E+00  0.00000E+00  0.00000E+00 
  0.28000E+02  0.00000E+00  0.00000E+00  0.00000E+00  0.00000E+00  0.00000E+00  0.00000E+00  0.00000E+00  0.00000E+00  0.00000E+00  0.00000E+00  0.00000E+00 
  0.29000E+02  0.00000E+00  0.00000E+00  0.00000E+00  0.00000E+00  0.00000E+00  0.00000E+00  0.00000E+00  0.00000E+00  0.00000E+00  0.00000E+00  0.00000E+00 
  0.30000E+02  0.00000E+00  0.00000E+00  0.00000E+00  0.00000E+00  0.00000E+00  0.00000E+00  0.00000E+00  0.00000E+00  0.00000E+00  0.00000E+00  0.00000E+00 
  0.31000E+02  0.00000E+00  0.00000E+00  0.00000E+00  0.00000E+00  0.00000E+00  0.00000E+00  0.00000E+00  0.00000E+00  0.00000E+00  0.00000E+00  0.00000E+00 
  0.32000E+02  0.00000E+00  0.00000E+00  0.00000E+00  0.00000E+00  0.00000E+00  0.00000E+00  0.00000E+00  0.00000E+00  0.00000E+00  0.00000E+00  0.00000E+00 
  0.33000E+02  0.00000E+00  0.00000E+00  0.00000E+00  0.00000E+00  0.00000E+00  0.00000E+00  0.00000E+00  0.00000E+00  0.00000E+00  0.00000E+00  0.00000E+00 
  0.34000E+02  0.00000E+00  0.00000E+00  0.00000E+00  0.00000E+00  0.00000E+00  0.00000E+00  0.00000E+00  0.00000E+00  0.00000E+00  0.00000E+00  0.00000E+00 
  0.35000E+02  0.00000E+00  0.00000E+00  0.00000E+00  0.00000E+00  0.00000E+00  0.00000E+00  0.00000E+00  0.00000E+00  0.00000E+00  0.00000E+00  0.00000E+00 
  0.36000E+02  0.00000E+00  0.00000E+00  0.00000E+00  0.00000E+00  0.00000E+00  0.00000E+00  0.00000E+00  0.00000E+00  0.00000E+00  0.00000E+00  0.00000E+00 
  0.37000E+02  0.00000E+00  0.00000E+00  0.00000E+00  0.00000E+00  0.00000E+00  0.00000E+00  0.00000E+00  0.00000E+00  0.00000E+00  0.00000E+00  0.00000E+00 
  0.38000E+02  0.00000E+00  0.00000E+00  0.00000E+00  0.00000E+00  0.00000E+00  0.00000E+00  0.00000E+00  0.00000E+00  0.00000E+00  0.00000E+00  0.00000E+00 
  0.39000E+02  0.00000E+00  0.00000E+00  0.00000E+00  0.00000E+00  0.00000E+00  0.00000E+00  0.00000E+00  0.00000E+00  0.00000E+00  0.00000E+00  0.00000E+00 
  0.40000E+02  0.00000E+00  0.00000E+00  0.00000E+00  0.00000E+00  0.00000E+00  0.00000E+00  0.00000E+00  0.00000E+00  0.00000E+00  0.00000E+00  0.00000E+00 
  0.41000E+02  0.00000E+00  0.00000E+00  0.00000E+00  0.00000E+00  0.00000E+00  0.00000E+00  0.00000E+00  0.00000E+00  0.00000E+00  0.00000E+00  0.00000E+00 
  0.42000E+02  0.00000E+00  0.00000E+00  0.00000E+00  0.00000E+00  0.00000E+00  0.00000E+00  0.00000E+00  0.00000E+00  0.00000E+00  0.00000E+00  0.00000E+00 
  0.43000E+02  0.00000E+00  0.00000E+00  0.00000E+00  0.00000E+00  0.00000E+00  0.00000E+00  0.00000E+00  0.00000E+00  0.00000E+00  0.00000E+00  0.00000E+00 
  0.44000E+02  0.00000E+00  0.00000E+00  0.00000E+00  0.00000E+00  0.00000E+00  0.00000E+00  0.00000E+00  0.00000E+00  0.00000E+00  0.00000E+00  0.00000E+00 
  0.45000E+02  0.00000E+00  0.00000E+00  0.00000E+00  0.00000E+00  0.00000E+00  0.00000E+00  0.00000E+00  0.00000E+00  0.00000E+00  0.00000E+00  0.00000E+00 
  0.46000E+02  0.00000E+00  0.00000E+00  0.00000E+00  0.00000E+00  0.00000E+00  0.00000E+00  0.00000E+00  0.00000E+00  0.00000E+00  0.00000E+00  0.00000E+00 
  0.47000E+02  0.00000E+00  0.00000E+00  0.00000E+00  0.00000E+00  0.00000E+00  0.00000E+00  0.00000E+00  0.00000E+00  0.00000E+00  0.00000E+00  0.00000E+00 
  0.48000E+02  0.00000E+00  0.00000E+00  0.00000E+00  0.00000E+00  0.00000E+00  0.00000E+00  0.00000E+00  0.00000E+00  0.00000E+00  0.00000E+00  0.00000E+00 
  0.49000E+02  0.00000E+00  0.00000E+00  0.00000E+00  0.00000E+00  0.00000E+00  0.00000E+00  0.00000E+00  0.00000E+00  0.00000E+00  0.00000E+00  0.00000E+00 
  0.50000E+02  0.00000E+00  0.00000E+00  0.00000E+00  0.00000E+00  0.00000E+00  0.00000E+00  0.00000E+00  0.00000E+00  0.00000E+00  0.00000E+00  0.00000E+00 
  0.51000E+02  0.00000E+00  0.00000E+00  0.00000E+00  0.00000E+00  0.00000E+00  0.00000E+00  0.00000E+00  0.00000E+00  0.00000E+00  0.00000E+00  0.00000E+00 
  0.52000E+02  0.00000E+00  0.00000E+00  0.00000E+00  0.00000E+00  0.00000E+00  0.00000E+00  0.00000E+00  0.00000E+00  0.00000E+00  0.00000E+00  0.00000E+00 
  0.53000E+02  0.00000E+00  0.00000E+00  0.00000E+00  0.00000E+00  0.00000E+00  0.00000E+00  0.00000E+00  0.00000E+00  0.00000E+00  0.00000E+00  0.00000E+00 
  0.54000E+02  0.00000E+00  0.00000E+00  0.00000E+00  0.00000E+00  0.00000E+00  0.00000E+00  0.00000E+00  0.00000E+00  0.00000E+00  0.00000E+00  0.00000E+00 
  0.55000E+02  0.00000E+00  0.00000E+00  0.00000E+00  0.00000E+00  0.00000E+00  0.00000E+00  0.00000E+00  0.00000E+00  0.00000E+00  0.00000E+00  0.00000E+00 
  0.56000E+02  0.00000E+00  0.00000E+00  0.00000E+00  0.00000E+00  0.00000E+00  0.00000E+00  0.00000E+00  0.00000E+00  0.00000E+00  0.00000E+00  0.00000E+00 
  0.57000E+02  0.00000E+00  0.00000E+00  0.00000E+00  0.00000E+00  0.00000E+00  0.00000E+00  0.00000E+00  0.00000E+00  0.00000E+00  0.00000E+00  0.00000E+00 
  0.58000E+02  0.00000E+00  0.00000E+00  0.00000E+00  0.00000E+00  0.00000E+00  0.00000E+00  0.00000E+00  0.00000E+00  0.00000E+00  0.00000E+00  0.00000E+00 
  0.59000E+02  0.00000E+00  0.00000E+00  0.00000E+00  0.00000E+00  0.00000E+00  0.00000E+00  0.00000E+00  0.00000E+00  0.00000E+00  0.00000E+00  0.00000E+00 
  0.60000E+02  0.00000E+00  0.00000E+00  0.00000E+00  0.00000E+00  0.00000E+00  0.00000E+00  0.00000E+00  0.00000E+00  0.00000E+00  0.00000E+00  0.00000E+00 
  0.61000E+02  0.00000E+00  0.00000E+00  0.00000E+00  0.00000E+00  0.00000E+00  0.00000E+00  0.00000E+00  0.00000E+00  0.00000E+00  0.00000E+00  0.00000E+00 
  0.62000E+02  0.00000E+00  0.00000E+00  0.00000E+00  0.00000E+00  0.00000E+00  0.00000E+00  0.00000E+00  0.00000E+00  0.00000E+00  0.00000E+00  0.00000E+00 
  0.63000E+02  0.00000E+00  0.00000E+00  0.00000E+00  0.00000E+00  0.00000E+00  0.00000E+00  0.00000E+00  0.00000E+00  0.00000E+00  0.00000E+00  0.00000E+00 
  0.64000E+02  0.00000E+00  0.00000E+00  0.00000E+00  0.00000E+00  0.00000E+00  0.00000E+00  0.00000E+00  0.00000E+00  0.00000E+00  0.00000E+00  0.00000E+00 
  0.65000E+02  0.00000E+00  0.00000E+00  0.00000E+00  0.00000E+00  0.00000E+00  0.00000E+00  0.00000E+00  0.00000E+00  0.00000E+00  0.00000E+00  0.00000E+00 
  0.66000E+02  0.00000E+00  0.00000E+00  0.00000E+00  0.00000E+00  0.00000E+00  0.00000E+00  0.00000E+00  0.00000E+00  0.00000E+00  0.00000E+00  0.00000E+00 
  0.67000E+02  0.00000E+00  0.00000E+00  0.00000E+00  0.00000E+00  0.00000E+00  0.00000E+00  0.00000E+00  0.00000E+00  0.00000E+00  0.00000E+00  0.00000E+00 
  0.68000E+02  0.00000E+00  0.00000E+00  0.00000E+00  0.00000E+00  0.00000E+00  0.00000E+00  0.00000E+00  0.00000E+00  0.00000E+00  0.00000E+00  0.00000E+00 
  0.69000E+02  0.00000E+00  0.00000E+00  0.00000E+00  0.00000E+00  0.00000E+00  0.00000E+00  0.00000E+00  0.00000E+00  0.00000E+00  0.00000E+00  0.00000E+00 
  0.70000E+02  0.00000E+00  0.00000E+00  0.00000E+00  0.00000E+00  0.00000E+00  0.00000E+00  0.00000E+00  0.00000E+00  0.00000E+00  0.00000E+00  0.00000E+00 
  0.71000E+02  0.00000E+00  0.00000E+00  0.00000E+00  0.00000E+00  0.00000E+00  0.00000E+00  0.00000E+00  0.00000E+00  0.00000E+00  0.00000E+00  0.00000E+00 
  0.72000E+02  0.00000E+00  0.00000E+00  0.00000E+00  0.00000E+00  0.00000E+00  0.00000E+00  0.00000E+00  0.00000E+00  0.00000E+00  0.00000E+00  0.00000E+00 
  0.73000E+02  0.00000E+00  0.00000E+00  0.00000E+00  0.00000E+00  0.00000E+00  0.00000E+00  0.00000E+00  0.00000E+00  0.00000E+00  0.00000E+00  0.00000E+00 
  0.74000E+02  0.00000E+00  0.00000E+00  0.00000E+00  0.00000E+00  0.00000E+00  0.00000E+00  0.00000E+00  0.00000E+00  0.00000E+00  0.00000E+00  0.00000E+00 
  0.75000E+02  0.00000E+00  0.00000E+00  0.00000E+00  0.00000E+00  0.00000E+00  0.00000E+00  0.00000E+00  0.00000E+00  0.00000E+00  0.00000E+00  0.00000E+00 
  0.76000E+02  0.00000E+00  0.00000E+00  0.00000E+00  0.00000E+00  0.00000E+00  0.00000E+00  0.00000E+00  0.00000E+00  0.00000E+00  0.00000E+00  0.00000E+00 
  0.77000E+02  0.00000E+00  0.00000E+00  0.00000E+00  0.00000E+00  0.00000E+00  0.00000E+00  0.00000E+00  0.00000E+00  0.00000E+00  0.00000E+00  0.00000E+00 
  0.78000E+02  0.00000E+00  0.00000E+00  0.00000E+00  0.00000E+00  0.00000E+00  0.00000E+00  0.00000E+00  0.00000E+00  0.00000E+00  0.00000E+00  0.00000E+00 
  0.79000E+02  0.00000E+00  0.00000E+00  0.00000E+00  0.00000E+00  0.00000E+00  0.00000E+00  0.00000E+00  0.00000E+00  0.00000E+00  0.00000E+00  0.00000E+00 
  0.80000E+02  0.00000E+00  0.00000E+00  0.00000E+00  0.00000E+00  0.00000E+00  0.00000E+00  0.00000E+00  0.00000E+00  0.00000E+00  0.00000E+00  0.00000E+00 
  0.81000E+02  0.00000E+00  0.00000E+00  0.00000E+00  0.00000E+00  0.00000E+00  0.00000E+00  0.00000E+00  0.00000E+00  0.00000E+00  0.00000E+00  0.00000E+00 
  0.82000E+02  0.00000E+00  0.00000E+00  0.00000E+00  0.00000E+00  0.00000E+00  0.00000E+00  0.00000E+00  0.00000E+00  0.00000E+00  0.00000E+00  0.00000E+00 
  0.83000E+02  0.00000E+00  0.00000E+00  0.00000E+00  0.00000E+00  0.00000E+00  0.00000E+00  0.00000E+00  0.00000E+00  0.00000E+00  0.00000E+00  0.00000E+00 
  0.84000E+02  0.00000E+00  0.00000E+00  0.00000E+00  0.00000E+00  0.00000E+00  0.00000E+00  0.00000E+00  0.00000E+00  0.00000E+00  0.00000E+00  0.00000E+00 
  0.85000E+02  0.00000E+00  0.00000E+00  0.00000E+00  0.00000E+00  0.00000E+00  0.00000E+00  0.00000E+00  0.00000E+00  0.00000E+00  0.00000E+00  0.00000E+00 
  0.86000E+02  0.00000E+00  0.00000E+00  0.00000E+00  0.00000E+00  0.00000E+00  0.00000E+00  0.00000E+00  0.00000E+00  0.00000E+00  0.00000E+00  0.00000E+00 
  0.87000E+02  0.00000E+00  0.00000E+00  0.00000E+00  0.00000E+00  0.00000E+00  0.00000E+00  0.00000E+00  0.00000E+00  0.00000E+00  0.00000E+00  0.00000E+00 
  0.88000E+02  0.00000E+00  0.00000E+00  0.00000E+00  0.00000E+00  0.00000E+00  0.00000E+00  0.00000E+00  0.00000E+00  0.00000E+00  0.00000E+00  0.00000E+00 
  0.89000E+02  0.00000E+00  0.00000E+00  0.00000E+00  0.00000E+00  0.00000E+00  0.00000E+00  0.00000E+00  0.00000E+00  0.00000E+00  0.00000E+00  0.00000E+00 
  0.90000E+02  0.00000E+00  0.00000E+00  0.00000E+00  0.00000E+00  0.00000E+00  0.00000E+00  0.00000E+00  0.00000E+00  0.00000E+00  0.00000E+00  0.00000E+00 
  0.91000E+02  0.00000E+00  0.00000E+00  0.00000E+00  0.00000E+00  0.00000E+00  0.00000E+00  0.00000E+00  0.00000E+00  0.00000E+00  0.00000E+00  0.00000E+00 
  0.92000E+02  0.00000E+00  0.00000E+00  0.00000E+00  0.00000E+00  0.00000E+00  0.00000E+00  0.00000E+00  0.00000E+00  0.00000E+00  0.00000E+00  0.00000E+00 
  0.93000E+02  0.00000E+00  0.00000E+00  0.00000E+00  0.00000E+00  0.00000E+00  0.00000E+00  0.00000E+00  0.00000E+00  0.00000E+00  0.00000E+00  0.00000E+00 
  0.94000E+02  0.00000E+00  0.00000E+00  0.00000E+00  0.00000E+00  0.00000E+00  0.00000E+00  0.00000E+00  0.00000E+00  0.00000E+00  0.00000E+00  0.00000E+00 
  0.95000E+02  0.00000E+00  0.00000E+00  0.00000E+00  0.00000E+00  0.00000E+00  0.00000E+00  0.00000E+00  0.00000E+00  0.00000E+00  0.00000E+00  0.00000E+00 
  0.96000E+02  0.00000E+00  0.00000E+00  0.00000E+00  0.00000E+00  0.00000E+00  0.00000E+00  0.00000E+00  0.00000E+00  0.00000E+00  0.00000E+00  0.00000E+00 
  0.97000E+02  0.00000E+00  0.00000E+00  0.00000E+00  0.00000E+00  0.00000E+00  0.00000E+00  0.00000E+00  0.00000E+00  0.00000E+00  0.00000E+00  0.00000E+00 
  0.98000E+02  0.00000E+00  0.00000E+00  0.00000E+00  0.00000E+00  0.00000E+00  0.00000E+00  0.00000E+00  0.00000E+00  0.00000E+00  0.00000E+00  0.00000E+00 
  0.99000E+02  0.00000E+00  0.00000E+00  0.00000E+00  0.00000E+00  0.00000E+00  0.00000E+00  0.00000E+00  0.00000E+00  0.00000E+00  0.00000E+00  0.00000E+00 
  0.10000E+03  0.00000E+00  0.00000E+00  0.00000E+00  0.00000E+00  0.00000E+00  0.00000E+00  0.00000E+00  0.00000E+00  0.00000E+00  0.00000E+00  0.00000E+00 
  0.10100E+03  0.00000E+00  0.00000E+00  0.00000E+00  0.00000E+00  0.00000E+00  0.00000E+00  0.00000E+00  0.00000E+00  0.00000E+00  0.00000E+00  0.00000E+00 
  0.10200E+03  0.00000E+00  0.00000E+00  0.00000E+00  0.00000E+00  0.00000E+00  0.00000E+00  0.00000E+00  0.00000E+00  0.00000E+00  0.00000E+00  0.00000E+00 
  0.10300E+03  0.00000E+00  0.00000E+00  0.00000E+00  0.00000E+00  0.00000E+00  0.00000E+00  0.00000E+00  0.00000E+00  0.00000E+00  0.00000E+00  0.00000E+00 
  0.10400E+03  0.00000E+00  0.00000E+00  0.00000E+00  0.00000E+00  0.00000E+00  0.00000E+00  0.00000E+00  0.00000E+00  0.00000E+00  0.00000E+00  0.00000E+00 
  0.10500E+03  0.00000E+00  0.00000E+00  0.00000E+00  0.00000E+00  0.00000E+00  0.00000E+00  0.00000E+00  0.00000E+00  0.00000E+00  0.00000E+00  0.00000E+00 
  0.10600E+03  0.00000E+00  0.00000E+00  0.00000E+00  0.00000E+00  0.00000E+00  0.00000E+00  0.00000E+00  0.00000E+00  0.00000E+00  0.00000E+00  0.00000E+00 
  0.10700E+03  0.00000E+00  0.00000E+00  0.00000E+00  0.00000E+00  0.00000E+00  0.00000E+00  0.00000E+00  0.00000E+00  0.00000E+00  0.00000E+00  0.00000E+00 
  0.10800E+03  0.00000E+00  0.00000E+00  0.00000E+00  0.00000E+00  0.00000E+00  0.00000E+00  0.00000E+00  0.00000E+00  0.00000E+00  0.00000E+00  0.00000E+00 
  0.10900E+03  0.00000E+00  0.00000E+00  0.00000E+00  0.00000E+00  0.00000E+00  0.00000E+00  0.00000E+00  0.00000E+00  0.00000E+00  0.00000E+00  0.00000E+00 
  0.11000E+03  0.00000E+00  0.00000E+00  0.00000E+00  0.00000E+00  0.00000E+00  0.00000E+00  0.00000E+00  0.00000E+00  0.00000E+00  0.00000E+00  0.00000E+00 
  0.11100E+03  0.00000E+00  0.00000E+00  0.00000E+00  0.00000E+00  0.00000E+00  0.00000E+00  0.00000E+00  0.00000E+00  0.00000E+00  0.00000E+00  0.00000E+00 
  0.11200E+03  0.00000E+00  0.00000E+00  0.00000E+00  0.00000E+00  0.00000E+00  0.00000E+00  0.00000E+00  0.00000E+00  0.00000E+00  0.00000E+00  0.00000E+00 
  0.11300E+03  0.00000E+00  0.00000E+00  0.00000E+00  0.00000E+00  0.00000E+00  0.00000E+00  0.00000E+00  0.00000E+00  0.00000E+00  0.00000E+00  0.00000E+00 
  0.11400E+03  0.00000E+00  0.00000E+00  0.00000E+00  0.00000E+00  0.00000E+00  0.00000E+00  0.00000E+00  0.00000E+00  0.00000E+00  0.00000E+00  0.00000E+00 
  0.11500E+03  0.00000E+00  0.00000E+00  0.00000E+00  0.00000E+00  0.00000E+00  0.00000E+00  0.00000E+00  0.00000E+00  0.00000E+00  0.00000E+00  0.00000E+00 
  0.11600E+03  0.00000E+00  0.00000E+00  0.00000E+00  0.00000E+00  0.00000E+00  0.00000E+00  0.00000E+00  0.00000E+00  0.00000E+00  0.00000E+00  0.00000E+00 
  0.11700E+03  0.00000E+00  0.00000E+00  0.00000E+00  0.00000E+00  0.00000E+00  0.00000E+00  0.00000E+00  0.00000E+00  0.00000E+00  0.00000E+00  0.00000E+00 
  0.11800E+03  0.00000E+00  0.00000E+00  0.00000E+00  0.00000E+00  0.00000E+00  0.00000E+00  0.00000E+00  0.00000E+00  0.00000E+00  0.00000E+00  0.00000E+00 
  0.11900E+03  0.00000E+00  0.00000E+00  0.00000E+00  0.00000E+00  0.00000E+00  0.00000E+00  0.00000E+00  0.00000E+00  0.00000E+00  0.00000E+00  0.00000E+00 
  0.12000E+03  0.00000E+00  0.00000E+00  0.00000E+00  0.00000E+00  0.00000E+00  0.00000E+00  0.00000E+00  0.00000E+00  0.00000E+00  0.00000E+00  0.00000E+00 
  0.12100E+03  0.00000E+00  0.00000E+00  0.00000E+00  0.00000E+00  0.00000E+00  0.00000E+00  0.00000E+00  0.00000E+00  0.00000E+00  0.00000E+00  0.00000E+00 
  0.12200E+03  0.00000E+00  0.00000E+00  0.00000E+00  0.00000E+00  0.00000E+00  0.00000E+00  0.00000E+00  0.00000E+00  0.00000E+00  0.00000E+00  0.00000E+00 
  0.12300E+03  0.00000E+00  0.00000E+00  0.00000E+00  0.00000E+00  0.00000E+00  0.00000E+00  0.00000E+00  0.00000E+00  0.00000E+00  0.00000E+00  0.00000E+00 
  0.12400E+03  0.00000E+00  0.00000E+00  0.00000E+00  0.00000E+00  0.00000E+00  0.00000E+00  0.00000E+00  0.00000E+00  0.00000E+00  0.00000E+00  0.00000E+00 
  0.12500E+03  0.00000E+00  0.00000E+00  0.00000E+00  0.00000E+00  0.00000E+00  0.00000E+00  0.00000E+00  0.00000E+00  0.00000E+00  0.00000E+00  0.00000E+00 
  0.12600E+03  0.00000E+00  0.00000E+00  0.00000E+00  0.00000E+00  0.00000E+00  0.00000E+00  0.00000E+00  0.00000E+00  0.00000E+00  0.00000E+00  0.00000E+00 
  0.12700E+03  0.00000E+00  0.00000E+00  0.00000E+00  0.00000E+00  0.00000E+00  0.00000E+00  0.00000E+00  0.00000E+00  0.00000E+00  0.00000E+00  0.00000E+00 
  0.12800E+03  0.00000E+00  0.00000E+00  0.00000E+00  0.00000E+00  0.00000E+00  0.00000E+00  0.00000E+00  0.00000E+00  0.00000E+00  0.00000E+00  0.00000E+00 
  0.12900E+03  0.00000E+00  0.00000E+00  0.00000E+00  0.00000E+00  0.00000E+00  0.00000E+00  0.00000E+00  0.00000E+00  0.00000E+00  0.00000E+00  0.00000E+00 
  0.13000E+03  0.00000E+00  0.00000E+00  0.00000E+00  0.00000E+00  0.00000E+00  0.00000E+00  0.00000E+00  0.00000E+00  0.00000E+00  0.00000E+00  0.00000E+00 
  0.13100E+03  0.00000E+00  0.00000E+00  0.00000E+00  0.00000E+00  0.00000E+00  0.00000E+00  0.00000E+00  0.00000E+00  0.00000E+00  0.00000E+00  0.00000E+00 
  0.13200E+03  0.00000E+00  0.00000E+00  0.00000E+00  0.00000E+00  0.00000E+00  0.00000E+00  0.00000E+00  0.00000E+00  0.00000E+00  0.00000E+00  0.00000E+00 
  0.13300E+03  0.00000E+00  0.00000E+00  0.00000E+00  0.00000E+00  0.00000E+00  0.00000E+00  0.00000E+00  0.00000E+00  0.00000E+00  0.00000E+00  0.00000E+00 
  0.13400E+03  0.00000E+00  0.00000E+00  0.00000E+00  0.00000E+00  0.00000E+00  0.00000E+00  0.00000E+00  0.00000E+00  0.00000E+00  0.00000E+00  0.00000E+00 
  0.13500E+03  0.00000E+00  0.00000E+00  0.00000E+00  0.00000E+00  0.00000E+00  0.00000E+00  0.00000E+00  0.00000E+00  0.00000E+00  0.00000E+00  0.00000E+00 
  0.13600E+03  0.00000E+00  0.00000E+00  0.00000E+00  0.00000E+00  0.00000E+00  0.00000E+00  0.00000E+00  0.00000E+00  0.00000E+00  0.00000E+00  0.00000E+00 
  0.13700E+03  0.00000E+00  0.00000E+00  0.00000E+00  0.00000E+00  0.00000E+00  0.00000E+00  0.00000E+00  0.00000E+00  0.00000E+00  0.00000E+00  0.00000E+00 
  0.13800E+03  0.00000E+00  0.00000E+00  0.00000E+00  0.00000E+00  0.00000E+00  0.00000E+00  0.00000E+00  0.00000E+00  0.00000E+00  0.00000E+00  0.00000E+00 
  0.13900E+03  0.00000E+00  0.00000E+00  0.00000E+00  0.00000E+00  0.00000E+00  0.00000E+00  0.00000E+00  0.00000E+00  0.00000E+00  0.00000E+00  0.00000E+00 
  0.14000E+03  0.00000E+00  0.00000E+00  0.00000E+00  0.00000E+00  0.00000E+00  0.00000E+00  0.00000E+00  0.00000E+00  0.00000E+00  0.00000E+00  0.00000E+00 
  0.14100E+03  0.00000E+00  0.00000E+00  0.00000E+00  0.00000E+00  0.00000E+00  0.00000E+00  0.00000E+00  0.00000E+00  0.00000E+00  0.00000E+00  0.00000E+00 
  0.14200E+03  0.00000E+00  0.00000E+00  0.00000E+00  0.00000E+00  0.00000E+00  0.00000E+00  0.00000E+00  0.00000E+00  0.00000E+00  0.00000E+00  0.00000E+00 
  0.14300E+03  0.00000E+00  0.00000E+00  0.00000E+00  0.00000E+00  0.00000E+00  0.00000E+00  0.00000E+00  0.00000E+00  0.00000E+00  0.00000E+00  0.00000E+00 
  0.14400E+03  0.00000E+00  0.00000E+00  0.00000E+00  0.00000E+00  0.00000E+00  0.00000E+00  0.00000E+00  0.00000E+00  0.00000E+00  0.00000E+00  0.00000E+00 
  0.14500E+03  0.00000E+00  0.00000E+00  0.00000E+00  0.00000E+00  0.00000E+00  0.00000E+00  0.00000E+00  0.00000E+00  0.00000E+00  0.00000E+00  0.00000E+00 
  0.14600E+03  0.00000E+00  0.00000E+00  0.00000E+00  0.00000E+00  0.00000E+00  0.00000E+00  0.00000E+00  0.00000E+00  0.00000E+00  0.00000E+00  0.00000E+00 
  0.14700E+03  0.00000E+00  0.00000E+00  0.00000E+00  0.00000E+00  0.00000E+00  0.00000E+00  0.00000E+00  0.00000E+00  0.00000E+00  0.00000E+00  0.00000E+00 
  0.14800E+03  0.00000E+00  0.00000E+00  0.00000E+00  0.00000E+00  0.00000E+00  0.00000E+00  0.00000E+00  0.00000E+00  0.00000E+00  0.00000E+00  0.00000E+00 
  0.14900E+03  0.00000E+00  0.00000E+00  0.00000E+00  0.00000E+00  0.00000E+00  0.00000E+00  0.00000E+00  0.00000E+00  0.00000E+00  0.00000E+00  0.00000E+00 
  0.15000E+03  0.00000E+00  0.00000E+00  0.00000E+00  0.00000E+00  0.00000E+00  0.00000E+00  0.00000E+00  0.00000E+00  0.00000E+00  0.00000E+00  0.00000E+00 
  0.15100E+03  0.00000E+00  0.00000E+00  0.00000E+00  0.00000E+00  0.00000E+00  0.00000E+00  0.00000E+00  0.00000E+00  0.00000E+00  0.00000E+00  0.00000E+00 
  0.15200E+03  0.00000E+00  0.00000E+00  0.00000E+00  0.00000E+00  0.00000E+00  0.00000E+00  0.00000E+00  0.00000E+00  0.00000E+00  0.00000E+00  0.00000E+00 
  0.15300E+03  0.00000E+00  0.00000E+00  0.00000E+00  0.00000E+00  0.00000E+00  0.00000E+00  0.00000E+00  0.00000E+00  0.00000E+00  0.00000E+00  0.00000E+00 
  0.15400E+03  0.00000E+00  0.00000E+00  0.00000E+00  0.00000E+00  0.00000E+00  0.00000E+00  0.00000E+00  0.00000E+00  0.00000E+00  0.00000E+00  0.00000E+00 
  0.15500E+03  0.00000E+00  0.00000E+00  0.00000E+00  0.00000E+00  0.00000E+00  0.00000E+00  0.00000E+00  0.00000E+00  0.00000E+00  0.00000E+00  0.00000E+00 
  0.15600E+03  0.00000E+00  0.00000E+00  0.00000E+00  0.00000E+00  0.00000E+00  0.00000E+00  0.00000E+00  0.00000E+00  0.00000E+00  0.00000E+00  0.00000E+00 
  0.15700E+03  0.00000E+00  0.00000E+00  0.00000E+00  0.00000E+00  0.00000E+00  0.00000E+00  0.00000E+00  0.00000E+00  0.00000E+00  0.00000E+00  0.00000E+00 
  0.15800E+03  0.00000E+00  0.00000E+00  0.00000E+00  0.00000E+00  0.00000E+00  0.00000E+00  0.00000E+00  0.00000E+00  0.00000E+00  0.00000E+00  0.00000E+00 
  0.15900E+03  0.00000E+00  0.00000E+00  0.00000E+00  0.00000E+00  0.00000E+00  0.00000E+00  0.00000E+00  0.00000E+00  0.00000E+00  0.00000E+00  0.00000E+00 
  0.16000E+03  0.00000E+00  0.00000E+00  0.00000E+00  0.00000E+00  0.00000E+00  0.00000E+00  0.00000E+00  0.00000E+00  0.00000E+00  0.00000E+00  0.00000E+00 
  0.16100E+03  0.00000E+00  0.00000E+00  0.00000E+00  0.00000E+00  0.00000E+00  0.00000E+00  0.00000E+00  0.00000E+00  0.00000E+00  0.00000E+00  0.00000E+00 
  0.16200E+03  0.00000E+00  0.00000E+00  0.00000E+00  0.00000E+00  0.00000E+00  0.00000E+00  0.00000E+00  0.00000E+00  0.00000E+00  0.00000E+00  0.00000E+00 
  0.16300E+03  0.00000E+00  0.00000E+00  0.00000E+00  0.00000E+00  0.00000E+00  0.00000E+00  0.00000E+00  0.00000E+00  0.00000E+00  0.00000E+00  0.00000E+00 
  0.16400E+03  0.00000E+00  0.00000E+00  0.00000E+00  0.00000E+00  0.00000E+00  0.00000E+00  0.00000E+00  0.00000E+00  0.00000E+00  0.00000E+00  0.00000E+00 
  0.16500E+03  0.00000E+00  0.00000E+00  0.00000E+00  0.00000E+00  0.00000E+00  0.00000E+00  0.00000E+00  0.00000E+00  0.00000E+00  0.00000E+00  0.00000E+00 
  0.16600E+03  0.00000E+00  0.00000E+00  0.00000E+00  0.00000E+00  0.00000E+00  0.00000E+00  0.00000E+00  0.00000E+00  0.00000E+00  0.00000E+00  0.00000E+00 
  0.16700E+03  0.00000E+00  0.00000E+00  0.00000E+00  0.00000E+00  0.00000E+00  0.00000E+00  0.00000E+00  0.00000E+00  0.00000E+00  0.00000E+00  0.00000E+00 
  0.16800E+03  0.00000E+00  0.00000E+00  0.00000E+00  0.00000E+00  0.00000E+00  0.00000E+00  0.00000E+00  0.00000E+00  0.00000E+00  0.00000E+00  0.00000E+00 
  0.16900E+03  0.00000E+00  0.00000E+00  0.00000E+00  0.00000E+00  0.00000E+00  0.00000E+00  0.00000E+00  0.00000E+00  0.00000E+00  0.00000E+00  0.00000E+00 
  0.17000E+03  0.00000E+00  0.00000E+00  0.00000E+00  0.00000E+00  0.00000E+00  0.00000E+00  0.00000E+00  0.00000E+00  0.00000E+00  0.00000E+00  0.00000E+00 
  0.17100E+03  0.00000E+00  0.00000E+00  0.00000E+00  0.00000E+00  0.00000E+00  0.00000E+00  0.00000E+00  0.00000E+00  0.00000E+00  0.00000E+00  0.00000E+00 
  0.17200E+03  0.00000E+00  0.00000E+00  0.00000E+00  0.00000E+00  0.00000E+00  0.00000E+00  0.00000E+00  0.00000E+00  0.00000E+00  0.00000E+00  0.00000E+00 
  0.17300E+03  0.00000E+00  0.00000E+00  0.00000E+00  0.00000E+00  0.00000E+00  0.00000E+00  0.00000E+00  0.00000E+00  0.00000E+00  0.00000E+00  0.00000E+00 
  0.17400E+03  0.00000E+00  0.00000E+00  0.00000E+00  0.00000E+00  0.00000E+00  0.00000E+00  0.00000E+00  0.00000E+00  0.00000E+00  0.00000E+00  0.00000E+00 
  0.17500E+03  0.00000E+00  0.00000E+00  0.00000E+00  0.00000E+00  0.00000E+00  0.00000E+00  0.00000E+00  0.00000E+00  0.00000E+00  0.00000E+00  0.00000E+00 
  0.17600E+03  0.00000E+00  0.00000E+00  0.00000E+00  0.00000E+00  0.00000E+00  0.00000E+00  0.00000E+00  0.00000E+00  0.00000E+00  0.00000E+00  0.00000E+00 
  0.17700E+03  0.00000E+00  0.00000E+00  0.00000E+00  0.00000E+00  0.00000E+00  0.00000E+00  0.00000E+00  0.00000E+00  0.00000E+00  0.00000E+00  0.00000E+00 
  0.17800E+03  0.00000E+00  0.00000E+00  0.00000E+00  0.00000E+00  0.00000E+00  0.00000E+00  0.00000E+00  0.00000E+00  0.00000E+00  0.00000E+00  0.00000E+00 
  0.17900E+03  0.00000E+00  0.00000E+00  0.00000E+00  0.00000E+00  0.00000E+00  0.00000E+00  0.00000E+00  0.00000E+00  0.00000E+00  0.00000E+00  0.00000E+00 
  0.18000E+03  0.00000E+00  0.00000E+00  0.00000E+00  0.00000E+00  0.00000E+00  0.00000E+00  0.00000E+00  0.00000E+00  0.00000E+00  0.00000E+00  0.00000E+00 
  0.18100E+03  0.00000E+00  0.00000E+00  0.00000E+00  0.00000E+00  0.00000E+00  0.00000E+00  0.00000E+00  0.00000E+00  0.00000E+00  0.00000E+00  0.00000E+00 
  0.18200E+03  0.00000E+00  0.00000E+00  0.00000E+00  0.00000E+00  0.00000E+00  0.00000E+00  0.00000E+00  0.00000E+00  0.00000E+00  0.00000E+00  0.00000E+00 
  0.18300E+03  0.00000E+00  0.00000E+00  0.00000E+00  0.00000E+00  0.00000E+00  0.00000E+00  0.00000E+00  0.00000E+00  0.00000E+00  0.00000E+00  0.00000E+00 
  0.18400E+03  0.00000E+00  0.00000E+00  0.00000E+00  0.00000E+00  0.00000E+00  0.00000E+00  0.00000E+00  0.00000E+00  0.00000E+00  0.00000E+00  0.00000E+00 
  0.18500E+03  0.00000E+00  0.00000E+00  0.00000E+00  0.00000E+00  0.00000E+00  0.00000E+00  0.00000E+00  0.00000E+00  0.00000E+00  0.00000E+00  0.00000E+00 
  0.18600E+03  0.00000E+00  0.00000E+00  0.00000E+00  0.00000E+00  0.00000E+00  0.00000E+00  0.00000E+00  0.00000E+00  0.00000E+00  0.00000E+00  0.00000E+00 
  0.18700E+03  0.00000E+00  0.00000E+00  0.00000E+00  0.00000E+00  0.00000E+00  0.00000E+00  0.00000E+00  0.00000E+00  0.00000E+00  0.00000E+00  0.00000E+00 
  0.18800E+03  0.00000E+00  0.00000E+00  0.00000E+00  0.00000E+00  0.00000E+00  0.00000E+00  0.00000E+00  0.00000E+00  0.00000E+00  0.00000E+00  0.00000E+00 
  0.18900E+03  0.00000E+00  0.00000E+00  0.00000E+00  0.00000E+00  0.00000E+00  0.00000E+00  0.00000E+00  0.00000E+00  0.00000E+00  0.00000E+00  0.00000E+00 
  0.19000E+03  0.00000E+00  0.00000E+00  0.00000E+00  0.00000E+00  0.00000E+00  0.00000E+00  0.00000E+00  0.00000E+00  0.00000E+00  0.00000E+00  0.00000E+00 
  0.19100E+03  0.00000E+00  0.00000E+00  0.00000E+00  0.00000E+00  0.00000E+00  0.00000E+00  0.00000E+00  0.00000E+00  0.00000E+00  0.00000E+00  0.00000E+00 
  0.19200E+03  0.00000E+00  0.00000E+00  0.00000E+00  0.00000E+00  0.00000E+00  0.00000E+00  0.00000E+00  0.00000E+00  0.00000E+00  0.00000E+00  0.00000E+00 
  0.19300E+03  0.00000E+00  0.00000E+00  0.00000E+00  0.00000E+00  0.00000E+00  0.00000E+00  0.00000E+00  0.00000E+00  0.00000E+00  0.00000E+00  0.00000E+00 
  0.19400E+03  0.00000E+00  0.00000E+00  0.00000E+00  0.00000E+00  0.00000E+00  0.00000E+00  0.00000E+00  0.00000E+00  0.00000E+00  0.00000E+00  0.00000E+00 
  0.19500E+03  0.00000E+00  0.00000E+00  0.00000E+00  0.00000E+00  0.00000E+00  0.00000E+00  0.00000E+00  0.00000E+00  0.00000E+00  0.00000E+00  0.00000E+00 
  0.19600E+03  0.00000E+00  0.00000E+00  0.00000E+00  0.00000E+00  0.00000E+00  0.00000E+00  0.00000E+00  0.00000E+00  0.00000E+00  0.00000E+00  0.00000E+00 
  0.19700E+03  0.00000E+00  0.00000E+00  0.00000E+00  0.00000E+00  0.00000E+00  0.00000E+00  0.00000E+00  0.00000E+00  0.00000E+00  0.00000E+00  0.00000E+00 
  0.19800E+03  0.00000E+00  0.00000E+00  0.00000E+00  0.00000E+00  0.00000E+00  0.00000E+00  0.00000E+00  0.00000E+00  0.00000E+00  0.00000E+00  0.00000E+00 
  0.19900E+03  0.00000E+00  0.00000E+00  0.00000E+00  0.00000E+00  0.00000E+00  0.00000E+00  0.00000E+00  0.00000E+00  0.00000E+00  0.00000E+00  0.00000E+00 
  0.20000E+03  0.00000E+00  0.00000E+00  0.00000E+00  0.00000E+00  0.00000E+00  0.00000E+00  0.00000E+00  0.00000E+00  0.00000E+00  0.00000E+00  0.00000E+00 
  0.20100E+03  0.00000E+00  0.00000E+00  0.00000E+00  0.00000E+00  0.00000E+00  0.00000E+00  0.00000E+00  0.00000E+00  0.00000E+00  0.00000E+00  0.00000E+00 
  0.20200E+03  0.00000E+00  0.00000E+00  0.00000E+00  0.00000E+00  0.00000E+00  0.00000E+00  0.00000E+00  0.00000E+00  0.00000E+00  0.00000E+00  0.00000E+00 
  0.20300E+03  0.00000E+00  0.00000E+00  0.00000E+00  0.00000E+00  0.00000E+00  0.00000E+00  0.00000E+00  0.00000E+00  0.00000E+00  0.00000E+00  0.00000E+00 
  0.20400E+03  0.00000E+00  0.00000E+00  0.00000E+00  0.00000E+00  0.00000E+00  0.00000E+00  0.00000E+00  0.00000E+00  0.00000E+00  0.00000E+00  0.00000E+00 
  0.20500E+03  0.00000E+00  0.00000E+00  0.00000E+00  0.00000E+00  0.00000E+00  0.00000E+00  0.00000E+00  0.00000E+00  0.00000E+00  0.00000E+00  0.00000E+00 
  0.20600E+03  0.00000E+00  0.00000E+00  0.00000E+00  0.00000E+00  0.00000E+00  0.00000E+00  0.00000E+00  0.00000E+00  0.00000E+00  0.00000E+00  0.00000E+00 
  0.20700E+03  0.00000E+00  0.00000E+00  0.00000E+00  0.00000E+00  0.00000E+00  0.00000E+00  0.00000E+00  0.00000E+00  0.00000E+00  0.00000E+00  0.00000E+00 
  0.20800E+03  0.00000E+00  0.00000E+00  0.00000E+00  0.00000E+00  0.00000E+00  0.00000E+00  0.00000E+00  0.00000E+00  0.00000E+00  0.00000E+00  0.00000E+00 
  0.20900E+03  0.00000E+00  0.00000E+00  0.00000E+00  0.00000E+00  0.00000E+00  0.00000E+00  0.00000E+00  0.00000E+00  0.00000E+00  0.00000E+00  0.00000E+00 
  0.21000E+03  0.00000E+00  0.00000E+00  0.00000E+00  0.00000E+00  0.00000E+00  0.00000E+00  0.00000E+00  0.00000E+00  0.00000E+00  0.00000E+00  0.00000E+00 
  0.21100E+03  0.00000E+00  0.00000E+00  0.00000E+00  0.00000E+00  0.00000E+00  0.00000E+00  0.00000E+00  0.00000E+00  0.00000E+00  0.00000E+00  0.00000E+00 
  0.21200E+03  0.00000E+00  0.00000E+00  0.00000E+00  0.00000E+00  0.00000E+00  0.00000E+00  0.00000E+00  0.00000E+00  0.00000E+00  0.00000E+00  0.00000E+00 
  0.21300E+03  0.00000E+00  0.00000E+00  0.00000E+00  0.00000E+00  0.00000E+00  0.00000E+00  0.00000E+00  0.00000E+00  0.00000E+00  0.00000E+00  0.00000E+00 
  0.21400E+03  0.00000E+00  0.00000E+00  0.00000E+00  0.00000E+00  0.00000E+00  0.00000E+00  0.00000E+00  0.00000E+00  0.00000E+00  0.00000E+00  0.00000E+00 
  0.21500E+03  0.00000E+00  0.00000E+00  0.00000E+00  0.00000E+00  0.00000E+00  0.00000E+00  0.00000E+00  0.00000E+00  0.00000E+00  0.00000E+00  0.00000E+00 
  0.21600E+03  0.00000E+00  0.00000E+00  0.00000E+00  0.00000E+00  0.00000E+00  0.00000E+00  0.00000E+00  0.00000E+00  0.00000E+00  0.00000E+00  0.00000E+00 
  0.21700E+03  0.00000E+00  0.00000E+00  0.00000E+00  0.00000E+00  0.00000E+00  0.00000E+00  0.00000E+00  0.00000E+00  0.00000E+00  0.00000E+00  0.00000E+00 
  0.21800E+03  0.00000E+00  0.00000E+00  0.00000E+00  0.00000E+00  0.00000E+00  0.00000E+00  0.00000E+00  0.00000E+00  0.00000E+00  0.00000E+00  0.00000E+00 
  0.21900E+03  0.00000E+00  0.00000E+00  0.00000E+00  0.00000E+00  0.00000E+00  0.00000E+00  0.00000E+00  0.00000E+00  0.00000E+00  0.00000E+00  0.00000E+00 
  0.22000E+03  0.00000E+00  0.00000E+00  0.00000E+00  0.00000E+00  0.00000E+00  0.00000E+00  0.00000E+00  0.00000E+00  0.00000E+00  0.00000E+00  0.00000E+00 
  0.22100E+03  0.00000E+00  0.00000E+00  0.00000E+00  0.00000E+00  0.00000E+00  0.00000E+00  0.00000E+00  0.00000E+00  0.00000E+00  0.00000E+00  0.00000E+00 
  0.22200E+03  0.00000E+00  0.00000E+00  0.00000E+00  0.00000E+00  0.00000E+00  0.00000E+00  0.00000E+00  0.00000E+00  0.00000E+00  0.00000E+00  0.00000E+00 
  0.22300E+03  0.00000E+00  0.00000E+00  0.00000E+00  0.00000E+00  0.00000E+00  0.00000E+00  0.00000E+00  0.00000E+00  0.00000E+00  0.00000E+00  0.00000E+00 
  0.22400E+03  0.00000E+00  0.00000E+00  0.00000E+00  0.00000E+00  0.00000E+00  0.00000E+00  0.00000E+00  0.00000E+00  0.00000E+00  0.00000E+00  0.00000E+00 
  0.22500E+03  0.00000E+00  0.00000E+00  0.00000E+00  0.00000E+00  0.00000E+00  0.00000E+00  0.00000E+00  0.00000E+00  0.00000E+00  0.00000E+00  0.00000E+00 
  0.22600E+03  0.00000E+00  0.00000E+00  0.00000E+00  0.00000E+00  0.00000E+00  0.00000E+00  0.00000E+00  0.00000E+00  0.00000E+00  0.00000E+00  0.00000E+00 
  0.22700E+03  0.00000E+00  0.00000E+00  0.00000E+00  0.00000E+00  0.00000E+00  0.00000E+00  0.00000E+00  0.00000E+00  0.00000E+00  0.00000E+00  0.00000E+00 
  0.22800E+03  0.00000E+00  0.00000E+00  0.00000E+00  0.00000E+00  0.00000E+00  0.00000E+00  0.00000E+00  0.00000E+00  0.00000E+00  0.00000E+00  0.00000E+00 
  0.22900E+03  0.00000E+00  0.00000E+00  0.00000E+00  0.00000E+00  0.00000E+00  0.00000E+00  0.00000E+00  0.00000E+00  0.00000E+00  0.00000E+00  0.00000E+00 
  0.23000E+03  0.00000E+00  0.00000E+00  0.00000E+00  0.00000E+00  0.00000E+00  0.00000E+00  0.00000E+00  0.00000E+00  0.00000E+00  0.00000E+00  0.00000E+00 
  0.23100E+03  0.00000E+00  0.00000E+00  0.00000E+00  0.00000E+00  0.00000E+00  0.00000E+00  0.00000E+00  0.00000E+00  0.00000E+00  0.00000E+00  0.00000E+00 
  0.23200E+03  0.00000E+00  0.00000E+00  0.00000E+00  0.00000E+00  0.00000E+00  0.00000E+00  0.00000E+00  0.00000E+00  0.00000E+00  0.00000E+00  0.00000E+00 
  0.23300E+03  0.00000E+00  0.00000E+00  0.00000E+00  0.00000E+00  0.00000E+00  0.00000E+00  0.00000E+00  0.00000E+00  0.00000E+00  0.00000E+00  0.00000E+00 
  0.23400E+03  0.00000E+00  0.00000E+00  0.00000E+00  0.00000E+00  0.00000E+00  0.00000E+00  0.00000E+00  0.00000E+00  0.00000E+00  0.00000E+00  0.00000E+00 
  0.23500E+03  0.00000E+00  0.00000E+00  0.00000E+00  0.00000E+00  0.00000E+00  0.00000E+00  0.00000E+00  0.00000E+00  0.00000E+00  0.00000E+00  0.00000E+00 
  0.23600E+03  0.00000E+00  0.00000E+00  0.00000E+00  0.00000E+00  0.00000E+00  0.00000E+00  0.00000E+00  0.00000E+00  0.00000E+00  0.00000E+00  0.00000E+00 
  0.23700E+03  0.00000E+00  0.00000E+00  0.00000E+00  0.00000E+00  0.00000E+00  0.00000E+00  0.00000E+00  0.00000E+00  0.00000E+00  0.00000E+00  0.00000E+00 
  0.23800E+03  0.00000E+00  0.00000E+00  0.00000E+00  0.00000E+00  0.00000E+00  0.00000E+00  0.00000E+00  0.00000E+00  0.00000E+00  0.00000E+00  0.00000E+00 
  0.23900E+03  0.00000E+00  0.00000E+00  0.00000E+00  0.00000E+00  0.00000E+00  0.00000E+00  0.00000E+00  0.00000E+00  0.00000E+00  0.00000E+00  0.00000E+00 
  0.24000E+03  0.00000E+00  0.00000E+00  0.00000E+00  0.00000E+00  0.00000E+00  0.00000E+00  0.00000E+00  0.00000E+00  0.00000E+00  0.00000E+00  0.00000E+00 
  0.24100E+03  0.00000E+00  0.00000E+00  0.00000E+00  0.00000E+00  0.00000E+00  0.00000E+00  0.00000E+00  0.00000E+00  0.00000E+00  0.00000E+00  0.00000E+00 
  0.24200E+03  0.00000E+00  0.00000E+00  0.00000E+00  0.00000E+00  0.00000E+00  0.00000E+00  0.00000E+00  0.00000E+00  0.00000E+00  0.00000E+00  0.00000E+00 
  0.24300E+03  0.00000E+00  0.00000E+00  0.00000E+00  0.00000E+00  0.00000E+00  0.00000E+00  0.00000E+00  0.00000E+00  0.00000E+00  0.00000E+00  0.00000E+00 
  0.24400E+03  0.00000E+00  0.00000E+00  0.00000E+00  0.00000E+00  0.00000E+00  0.00000E+00  0.00000E+00  0.00000E+00  0.00000E+00  0.00000E+00  0.00000E+00 
  0.24500E+03  0.00000E+00  0.00000E+00  0.00000E+00  0.00000E+00  0.00000E+00  0.00000E+00  0.00000E+00  0.00000E+00  0.00000E+00  0.00000E+00  0.00000E+00 
  0.24600E+03  0.00000E+00  0.00000E+00  0.00000E+00  0.00000E+00  0.00000E+00  0.00000E+00  0.00000E+00  0.00000E+00  0.00000E+00  0.00000E+00  0.00000E+00 
  0.24700E+03  0.00000E+00  0.00000E+00  0.00000E+00  0.00000E+00  0.00000E+00  0.00000E+00  0.00000E+00  0.00000E+00  0.00000E+00  0.00000E+00  0.00000E+00 
  0.24800E+03  0.00000E+00  0.00000E+00  0.00000E+00  0.00000E+00  0.00000E+00  0.00000E+00  0.00000E+00  0.00000E+00  0.00000E+00  0.00000E+00  0.00000E+00 
  0.24900E+03  0.00000E+00  0.00000E+00  0.00000E+00  0.00000E+00  0.00000E+00  0.00000E+00  0.00000E+00  0.00000E+00  0.00000E+00  0.00000E+00  0.00000E+00 
  0.25000E+03  0.00000E+00  0.00000E+00  0.00000E+00  0.00000E+00  0.00000E+00  0.00000E+00  0.00000E+00  0.00000E+00  0.00000E+00  0.00000E+00  0.00000E+00 
  0.25100E+03  0.00000E+00  0.00000E+00  0.00000E+00  0.00000E+00  0.00000E+00  0.00000E+00  0.00000E+00  0.00000E+00  0.00000E+00  0.00000E+00  0.00000E+00 
  0.25200E+03  0.00000E+00  0.00000E+00  0.00000E+00  0.00000E+00  0.00000E+00  0.00000E+00  0.00000E+00  0.00000E+00  0.00000E+00  0.00000E+00  0.00000E+00 
  0.25300E+03  0.00000E+00  0.00000E+00  0.00000E+00  0.00000E+00  0.00000E+00  0.00000E+00  0.00000E+00  0.00000E+00  0.00000E+00  0.00000E+00  0.00000E+00 
  0.25400E+03  0.00000E+00  0.00000E+00  0.00000E+00  0.00000E+00  0.00000E+00  0.00000E+00  0.00000E+00  0.00000E+00  0.00000E+00  0.00000E+00  0.00000E+00 
  0.25500E+03  0.00000E+00  0.00000E+00  0.00000E+00  0.00000E+00  0.00000E+00  0.00000E+00  0.00000E+00  0.00000E+00  0.00000E+00  0.00000E+00  0.00000E+00 
  0.25600E+03  0.00000E+00  0.00000E+00  0.00000E+00  0.00000E+00  0.00000E+00  0.00000E+00  0.00000E+00  0.00000E+00  0.00000E+00  0.00000E+00  0.00000E+00 
  0.25700E+03  0.00000E+00  0.00000E+00  0.00000E+00  0.00000E+00  0.00000E+00  0.00000E+00  0.00000E+00  0.00000E+00  0.00000E+00  0.00000E+00  0.00000E+00 
  0.25800E+03  0.00000E+00  0.00000E+00  0.00000E+00  0.00000E+00  0.00000E+00  0.00000E+00  0.00000E+00  0.00000E+00  0.00000E+00  0.00000E+00  0.00000E+00 
  0.25900E+03  0.00000E+00  0.00000E+00  0.00000E+00  0.00000E+00  0.00000E+00  0.00000E+00  0.00000E+00  0.00000E+00  0.00000E+00  0.00000E+00  0.00000E+00 
  0.26000E+03  0.00000E+00  0.00000E+00  0.00000E+00  0.00000E+00  0.00000E+00  0.00000E+00  0.00000E+00  0.00000E+00  0.00000E+00  0.00000E+00  0.00000E+00 
  0.26100E+03  0.00000E+00  0.00000E+00  0.00000E+00  0.00000E+00  0.00000E+00  0.00000E+00  0.00000E+00  0.00000E+00  0.00000E+00  0.00000E+00  0.00000E+00 
  0.26200E+03  0.00000E+00  0.00000E+00  0.00000E+00  0.00000E+00  0.00000E+00  0.00000E+00  0.00000E+00  0.00000E+00  0.00000E+00  0.00000E+00  0.00000E+00 
  0.26300E+03  0.00000E+00  0.00000E+00  0.00000E+00  0.00000E+00  0.00000E+00  0.00000E+00  0.00000E+00  0.00000E+00  0.00000E+00  0.00000E+00  0.00000E+00 
  0.26400E+03  0.00000E+00  0.00000E+00  0.00000E+00  0.00000E+00  0.00000E+00  0.00000E+00  0.00000E+00  0.00000E+00  0.00000E+00  0.00000E+00  0.00000E+00 
  0.26500E+03  0.00000E+00  0.00000E+00  0.00000E+00  0.00000E+00  0.00000E+00  0.00000E+00  0.00000E+00  0.00000E+00  0.00000E+00  0.00000E+00  0.00000E+00 
  0.26600E+03  0.00000E+00  0.00000E+00  0.00000E+00  0.00000E+00  0.00000E+00  0.00000E+00  0.00000E+00  0.00000E+00  0.00000E+00  0.00000E+00  0.00000E+00 
  0.26700E+03  0.00000E+00  0.00000E+00  0.00000E+00  0.00000E+00  0.00000E+00  0.00000E+00  0.00000E+00  0.00000E+00  0.00000E+00  0.00000E+00  0.00000E+00 
  0.26800E+03  0.00000E+00  0.00000E+00  0.00000E+00  0.00000E+00  0.00000E+00  0.00000E+00  0.00000E+00  0.00000E+00  0.00000E+00  0.00000E+00  0.00000E+00 
  0.26900E+03  0.00000E+00  0.00000E+00  0.00000E+00  0.00000E+00  0.00000E+00  0.00000E+00  0.00000E+00  0.00000E+00  0.00000E+00  0.00000E+00  0.00000E+00 
  0.27000E+03  0.00000E+00  0.00000E+00  0.00000E+00  0.00000E+00  0.00000E+00  0.00000E+00  0.00000E+00  0.00000E+00  0.00000E+00  0.00000E+00  0.00000E+00 
  0.27100E+03  0.00000E+00  0.00000E+00  0.00000E+00  0.00000E+00  0.00000E+00  0.00000E+00  0.00000E+00  0.00000E+00  0.00000E+00  0.00000E+00  0.00000E+00 
  0.27200E+03  0.00000E+00  0.00000E+00  0.00000E+00  0.00000E+00  0.00000E+00  0.00000E+00  0.00000E+00  0.00000E+00  0.00000E+00  0.00000E+00  0.00000E+00 
  0.27300E+03  0.00000E+00  0.00000E+00  0.00000E+00  0.00000E+00  0.00000E+00  0.00000E+00  0.00000E+00  0.00000E+00  0.00000E+00  0.00000E+00  0.00000E+00 
  0.27400E+03  0.00000E+00  0.00000E+00  0.00000E+00  0.00000E+00  0.00000E+00  0.00000E+00  0.00000E+00  0.00000E+00  0.00000E+00  0.00000E+00  0.00000E+00 
  0.27500E+03  0.00000E+00  0.00000E+00  0.00000E+00  0.00000E+00  0.00000E+00  0.00000E+00  0.00000E+00  0.00000E+00  0.00000E+00  0.00000E+00  0.00000E+00 
  0.27600E+03  0.00000E+00  0.00000E+00  0.00000E+00  0.00000E+00  0.00000E+00  0.00000E+00  0.00000E+00  0.00000E+00  0.00000E+00  0.00000E+00  0.00000E+00 
  0.27700E+03  0.00000E+00  0.00000E+00  0.00000E+00  0.00000E+00  0.00000E+00  0.00000E+00  0.00000E+00  0.00000E+00  0.00000E+00  0.00000E+00  0.00000E+00 
  0.27800E+03  0.00000E+00  0.00000E+00  0.00000E+00  0.00000E+00  0.00000E+00  0.00000E+00  0.00000E+00  0.00000E+00  0.00000E+00  0.00000E+00  0.00000E+00 
  0.27900E+03  0.00000E+00  0.00000E+00  0.00000E+00  0.00000E+00  0.00000E+00  0.00000E+00  0.00000E+00  0.00000E+00  0.00000E+00  0.00000E+00  0.00000E+00 
  0.28000E+03  0.00000E+00  0.00000E+00  0.00000E+00  0.00000E+00  0.00000E+00  0.00000E+00  0.00000E+00  0.00000E+00  0.00000E+00  0.00000E+00  0.00000E+00 
  0.28100E+03  0.00000E+00  0.00000E+00  0.00000E+00  0.00000E+00  0.00000E+00  0.00000E+00  0.00000E+00  0.00000E+00  0.00000E+00  0.00000E+00  0.00000E+00 
  0.28200E+03  0.00000E+00  0.00000E+00  0.00000E+00  0.00000E+00  0.00000E+00  0.00000E+00  0.00000E+00  0.00000E+00  0.00000E+00  0.00000E+00  0.00000E+00 
  0.28300E+03  0.00000E+00  0.00000E+00  0.00000E+00  0.00000E+00  0.00000E+00  0.00000E+00  0.00000E+00  0.00000E+00  0.00000E+00  0.00000E+00  0.00000E+00 
  0.28400E+03  0.00000E+00  0.00000E+00  0.00000E+00  0.00000E+00  0.00000E+00  0.00000E+00  0.00000E+00  0.00000E+00  0.00000E+00  0.00000E+00  0.00000E+00 
  0.28500E+03  0.00000E+00  0.00000E+00  0.00000E+00  0.00000E+00  0.00000E+00  0.00000E+00  0.00000E+00  0.00000E+00  0.00000E+00  0.00000E+00  0.00000E+00 
  0.28600E+03  0.00000E+00  0.00000E+00  0.00000E+00  0.00000E+00  0.00000E+00  0.00000E+00  0.00000E+00  0.00000E+00  0.00000E+00  0.00000E+00  0.00000E+00 
  0.28700E+03  0.00000E+00  0.00000E+00  0.00000E+00  0.00000E+00  0.00000E+00  0.00000E+00  0.00000E+00  0.00000E+00  0.00000E+00  0.00000E+00  0.00000E+00 
  0.28800E+03  0.00000E+00  0.00000E+00  0.00000E+00  0.00000E+00  0.00000E+00  0.00000E+00  0.00000E+00  0.00000E+00  0.00000E+00  0.00000E+00  0.00000E+00 
  0.28900E+03  0.00000E+00  0.00000E+00  0.00000E+00  0.00000E+00  0.00000E+00  0.00000E+00  0.00000E+00  0.00000E+00  0.00000E+00  0.00000E+00  0.00000E+00 
  0.29000E+03  0.00000E+00  0.00000E+00  0.00000E+00  0.00000E+00  0.00000E+00  0.00000E+00  0.00000E+00  0.00000E+00  0.00000E+00  0.00000E+00  0.00000E+00 
  0.29100E+03  0.00000E+00  0.00000E+00  0.00000E+00  0.00000E+00  0.00000E+00  0.00000E+00  0.00000E+00  0.00000E+00  0.00000E+00  0.00000E+00  0.00000E+00 
  0.29200E+03  0.00000E+00  0.00000E+00  0.00000E+00  0.00000E+00  0.00000E+00  0.00000E+00  0.00000E+00  0.00000E+00  0.00000E+00  0.00000E+00  0.00000E+00 
  0.29300E+03  0.00000E+00  0.00000E+00  0.00000E+00  0.00000E+00  0.00000E+00  0.00000E+00  0.00000E+00  0.00000E+00  0.00000E+00  0.00000E+00  0.00000E+00 
  0.29400E+03  0.00000E+00  0.00000E+00  0.00000E+00  0.00000E+00  0.00000E+00  0.00000E+00  0.00000E+00  0.00000E+00  0.00000E+00  0.00000E+00  0.00000E+00 
  0.29500E+03  0.00000E+00  0.00000E+00  0.00000E+00  0.00000E+00  0.00000E+00  0.00000E+00  0.00000E+00  0.00000E+00  0.00000E+00  0.00000E+00  0.00000E+00 
  0.29600E+03  0.00000E+00  0.00000E+00  0.00000E+00  0.00000E+00  0.00000E+00  0.00000E+00  0.00000E+00  0.00000E+00  0.00000E+00  0.00000E+00  0.00000E+00 
  0.29700E+03  0.00000E+00  0.00000E+00  0.00000E+00  0.00000E+00  0.00000E+00  0.00000E+00  0.00000E+00  0.00000E+00  0.00000E+00  0.00000E+00  0.00000E+00 
  0.29800E+03  0.00000E+00  0.00000E+00  0.00000E+00  0.00000E+00  0.00000E+00  0.00000E+00  0.00000E+00  0.00000E+00  0.00000E+00  0.00000E+00  0.00000E+00 
  0.29900E+03  0.00000E+00  0.00000E+00  0.00000E+00  0.00000E+00  0.00000E+00  0.00000E+00  0.00000E+00  0.00000E+00  0.00000E+00  0.00000E+00  0.00000E+00 
  0.30000E+03  0.00000E+00  0.00000E+00  0.00000E+00  0.00000E+00  0.00000E+00  0.00000E+00  0.00000E+00  0.00000E+00  0.00000E+00  0.00000E+00  0.00000E+00 
  0.30100E+03  0.00000E+00  0.00000E+00  0.00000E+00  0.00000E+00  0.00000E+00  0.00000E+00  0.00000E+00  0.00000E+00  0.00000E+00  0.00000E+00  0.00000E+00 
  0.30200E+03  0.00000E+00  0.00000E+00  0.00000E+00  0.00000E+00  0.00000E+00  0.00000E+00  0.00000E+00  0.00000E+00  0.00000E+00  0.00000E+00  0.00000E+00 
  0.30300E+03  0.00000E+00  0.00000E+00  0.00000E+00  0.00000E+00  0.00000E+00  0.00000E+00  0.00000E+00  0.00000E+00  0.00000E+00  0.00000E+00  0.00000E+00 
  0.30400E+03  0.00000E+00  0.00000E+00  0.00000E+00  0.00000E+00  0.00000E+00  0.00000E+00  0.00000E+00  0.00000E+00  0.00000E+00  0.00000E+00  0.00000E+00 
  0.30500E+03  0.00000E+00  0.00000E+00  0.00000E+00  0.00000E+00  0.00000E+00  0.00000E+00  0.00000E+00  0.00000E+00  0.00000E+00  0.00000E+00  0.00000E+00 
  0.30600E+03  0.00000E+00  0.00000E+00  0.00000E+00  0.00000E+00  0.00000E+00  0.00000E+00  0.00000E+00  0.00000E+00  0.00000E+00  0.00000E+00  0.00000E+00 
  0.30700E+03  0.00000E+00  0.00000E+00  0.00000E+00  0.00000E+00  0.00000E+00  0.00000E+00  0.00000E+00  0.00000E+00  0.00000E+00  0.41045E-06  0.14427E-06 
  0.30800E+03  0.00000E+00  0.00000E+00  0.00000E+00  0.00000E+00  0.00000E+00  0.00000E+00  0.00000E+00  0.00000E+00  0.00000E+00  0.39021E-02  0.13548E-02 
  0.30900E+03  0.00000E+00  0.00000E+00  0.00000E+00  0.00000E+00  0.00000E+00  0.00000E+00  0.00000E+00  0.00000E+00  0.00000E+00  0.74321E-02  0.25502E-02 
  0.31000E+03  0.00000E+00  0.00000E+00  0.00000E+00  0.00000E+00  0.00000E+00  0.00000E+00  0.00000E+00  0.00000E+00  0.00000E+00  0.10625E-01  0.36047E-02 
  0.31100E+03  0.00000E+00  0.00000E+00  0.00000E+00  0.00000E+00  0.00000E+00  0.00000E+00  0.00000E+00  0.00000E+00  0.00000E+00  0.13514E-01  0.45351E-02 
  0.31200E+03  0.00000E+00  0.00000E+00  0.00000E+00  0.00000E+00  0.00000E+00  0.00000E+00  0.00000E+00  0.00000E+00  0.00000E+00  0.16127E-01  0.53560E-02 
  0.31300E+03  0.00000E+00  0.00000E+00  0.00000E+00  0.00000E+00  0.00000E+00  0.00000E+00  0.00000E+00  0.00000E+00  0.00000E+00  0.18491E-01  0.60803E-02 
  0.31400E+03  0.00000E+00  0.00000E+00  0.00000E+00  0.00000E+00  0.00000E+00  0.00000E+00  0.00000E+00  0.00000E+00  0.00000E+00  0.20630E-01  0.67194E-02 
  0.31500E+03  0.00000E+00  0.00000E+00  0.00000E+00  0.00000E+00  0.00000E+00  0.00000E+00  0.00000E+00  0.00000E+00  0.00000E+00  0.22564E-01  0.72833E-02 
  0.31600E+03  0.00000E+00  0.00000E+00  0.00000E+00  0.00000E+00  0.00000E+00  0.00000E+00  0.00000E+00  0.00000E+00  0.00000E+00  0.24314E-01  0.77809E-02 
  0.31700E+03  0.00000E+00  0.00000E+00  0.00000E+00  0.00000E+00  0.00000E+00  0.00000E+00  0.00000E+00  0.00000E+00  0.00000E+00  0.25898E-01  0.82199E-02 
  0.31800E+03  0.00000E+00  0.00000E+00  0.00000E+00  0.00000E+00  0.00000E+00  0.00000E+00  0.00000E+00  0.00000E+00  0.00000E+00  0.27330E-01  0.86072E-02 
  0.31900E+03  0.00000E+00  0.00000E+00  0.00000E+00  0.00000E+00  0.00000E+00  0.00000E+00  0.00000E+00  0.00000E+00  0.00000E+00  0.28626E-01  0.89490E-02 
  0.32000E+03  0.00000E+00  0.00000E+00  0.00000E+00  0.00000E+00  0.00000E+00  0.00000E+00  0.00000E+00  0.00000E+00  0.00000E+00  0.29798E-01  0.92506E-02 
  0.32100E+03  0.00000E+00  0.00000E+00  0.00000E+00  0.00000E+00  0.00000E+00  0.00000E+00  0.00000E+00  0.00000E+00  0.00000E+00  0.30858E-01  0.95166E-02 
  0.32200E+03  0.00000E+00  0.00000E+00  0.00000E+00  0.00000E+00  0.00000E+00  0.00000E+00  0.00000E+00  0.00000E+00  0.00000E+00  0.31818E-01  0.97514E-02 
  0.32300E+03  0.00000E+00  0.00000E+00  0.00000E+00  0.00000E+00  0.00000E+00  0.00000E+00  0.00000E+00  0.00000E+00  0.00000E+00  0.32686E-01  0.99585E-02 
  0.32400E+03  0.00000E+00  0.00000E+00  0.00000E+00  0.00000E+00  0.00000E+00  0.00000E+00  0.00000E+00  0.00000E+00  0.00000E+00  0.33471E-01  0.10141E-01 
  0.32500E+03  0.00000E+00  0.00000E+00  0.00000E+00  0.00000E+00  0.00000E+00  0.00000E+00  0.00000E+00  0.00000E+00  0.00000E+00  0.34181E-01  0.10303E-01 
  0.32600E+03  0.00000E+00  0.00000E+00  0.00000E+00  0.00000E+00  0.00000E+00  0.00000E+00  0.00000E+00  0.00000E+00  0.00000E+00  0.34823E-01  0.10445E-01 
  0.32700E+03  0.00000E+00  0.00000E+00  0.00000E+00  0.00000E+00  0.00000E+00  0.00000E+00  0.00000E+00  0.00000E+00  0.00000E+00  0.35405E-01  0.10570E-01 
  0.32800E+03  0.00000E+00  0.00000E+00  0.00000E+00  0.00000E+00  0.00000E+00  0.00000E+00  0.00000E+00  0.00000E+00  0.00000E+00  0.35931E-01  0.10681E-01 
  0.32900E+03  0.00000E+00  0.00000E+00  0.00000E+00  0.00000E+00  0.00000E+00  0.00000E+00  0.00000E+00  0.00000E+00  0.00000E+00  0.36406E-01  0.10779E-01 
  0.33000E+03  0.00000E+00  0.00000E+00  0.00000E+00  0.00000E+00  0.00000E+00  0.00000E+00  0.00000E+00  0.00000E+00  0.00000E+00  0.36837E-01  0.10865E-01 
  0.33100E+03  0.00000E+00  0.00000E+00  0.00000E+00  0.00000E+00  0.00000E+00  0.00000E+00  0.00000E+00  0.00000E+00  0.00000E+00  0.37226E-01  0.10941E-01 
  0.33200E+03  0.00000E+00  0.00000E+00  0.00000E+00  0.00000E+00  0.00000E+00  0.00000E+00  0.00000E+00  0.00000E+00  0.00000E+00  0.37578E-01  0.11008E-01 
  0.33300E+03  0.00000E+00  0.00000E+00  0.00000E+00  0.00000E+00  0.00000E+00  0.00000E+00  0.00000E+00  0.00000E+00  0.00000E+00  0.37897E-01  0.11067E-01 
  0.33400E+03  0.00000E+00  0.00000E+00  0.00000E+00  0.00000E+00  0.00000E+00  0.00000E+00  0.00000E+00  0.00000E+00  0.00000E+00  0.38185E-01  0.11120E-01 
  0.33500E+03  0.00000E+00  0.00000E+00  0.00000E+00  0.00000E+00  0.00000E+00  0.00000E+00  0.00000E+00  0.00000E+00  0.00000E+00  0.38446E-01  0.11166E-01 
  0.33600E+03  0.00000E+00  0.00000E+00  0.00000E+00  0.00000E+00  0.00000E+00  0.00000E+00  0.00000E+00  0.00000E+00  0.00000E+00  0.38682E-01  0.11206E-01 
  0.33700E+03  0.00000E+00  0.00000E+00  0.00000E+00  0.00000E+00  0.00000E+00  0.00000E+00  0.00000E+00  0.00000E+00  0.44625E-06  0.38895E-01  0.11242E-01 
  0.33800E+03  0.00000E+00  0.00000E+00  0.00000E+00  0.00000E+00  0.00000E+00  0.00000E+00  0.00000E+00  0.00000E+00  0.57165E-02  0.39088E-01  0.11274E-01 
  0.33900E+03  0.00000E+00  0.00000E+00  0.00000E+00  0.00000E+00  0.00000E+00  0.00000E+00  0.00000E+00  0.00000E+00  0.10975E-01  0.39262E-01  0.11302E-01 
  0.34000E+03  0.00000E+00  0.00000E+00  0.00000E+00  0.00000E+00  0.00000E+00  0.00000E+00  0.00000E+00  0.00000E+00  0.15812E-01  0.39420E-01  0.11326E-01 
  0.34100E+03  0.00000E+00  0.00000E+00  0.00000E+00  0.00000E+00  0.00000E+00  0.00000E+00  0.00000E+00  0.00000E+00  0.20261E-01  0.39563E-01  0.11348E-01 
  0.34200E+03  0.00000E+00  0.00000E+00  0.00000E+00  0.00000E+00  0.00000E+00  0.00000E+00  0.00000E+00  0.00000E+00  0.24354E-01  0.39693E-01  0.11367E-01 
  0.34300E+03  0.00000E+00  0.00000E+00  0.00000E+00  0.00000E+00  0.00000E+00  0.00000E+00  0.00000E+00  0.00000E+00  0.28119E-01  0.39809E-01  0.11384E-01 
  0.34400E+03  0.00000E+00  0.00000E+00  0.00000E+00  0.00000E+00  0.00000E+00  0.00000E+00  0.00000E+00  0.00000E+00  0.31583E-01  0.39915E-01  0.11399E-01 
  0.34500E+03  0.00000E+00  0.00000E+00  0.00000E+00  0.00000E+00  0.00000E+00  0.00000E+00  0.00000E+00  0.00000E+00  0.34769E-01  0.40011E-01  0.11412E-01 
  0.34600E+03  0.00000E+00  0.00000E+00  0.00000E+00  0.00000E+00  0.00000E+00  0.00000E+00  0.00000E+00  0.00000E+00  0.37699E-01  0.40098E-01  0.11424E-01 
  0.34700E+03  0.00000E+00  0.00000E+00  0.00000E+00  0.00000E+00  0.00000E+00  0.00000E+00  0.00000E+00  0.00000E+00  0.40395E-01  0.40176E-01  0.11434E-01 
  0.34800E+03  0.00000E+00  0.00000E+00  0.00000E+00  0.00000E+00  0.00000E+00  0.00000E+00  0.00000E+00  0.00000E+00  0.42875E-01  0.40247E-01  0.11443E-01 
  0.34900E+03  0.00000E+00  0.00000E+00  0.00000E+00  0.00000E+00  0.00000E+00  0.00000E+00  0.00000E+00  0.00000E+00  0.45157E-01  0.40311E-01  0.11451E-01 
  0.35000E+03  0.00000E+00  0.00000E+00  0.00000E+00  0.00000E+00  0.00000E+00  0.00000E+00  0.00000E+00  0.00000E+00  0.47256E-01  0.40369E-01  0.11458E-01 
  0.35100E+03  0.00000E+00  0.00000E+00  0.00000E+00  0.00000E+00  0.00000E+00  0.00000E+00  0.00000E+00  0.00000E+00  0.49186E-01  0.40421E-01  0.11465E-01 
  0.35200E+03  0.00000E+00  0.00000E+00  0.00000E+00  0.00000E+00  0.00000E+00  0.00000E+00  0.00000E+00  0.00000E+00  0.50962E-01  0.40469E-01  0.11470E-01 
  0.35300E+03  0.00000E+00  0.00000E+00  0.00000E+00  0.00000E+00  0.00000E+00  0.00000E+00  0.00000E+00  0.00000E+00  0.52596E-01  0.40512E-01  0.11475E-01 
  0.35400E+03  0.00000E+00  0.00000E+00  0.00000E+00  0.00000E+00  0.00000E+00  0.00000E+00  0.00000E+00  0.00000E+00  0.54099E-01  0.40551E-01  0.11479E-01 
  0.35500E+03  0.00000E+00  0.00000E+00  0.00000E+00  0.00000E+00  0.00000E+00  0.00000E+00  0.00000E+00  0.00000E+00  0.55481E-01  0.40586E-01  0.11483E-01 
  0.35600E+03  0.00000E+00  0.00000E+00  0.00000E+00  0.00000E+00  0.00000E+00  0.00000E+00  0.00000E+00  0.00000E+00  0.56753E-01  0.40618E-01  0.11486E-01 
  0.35700E+03  0.00000E+00  0.00000E+00  0.00000E+00  0.00000E+00  0.00000E+00  0.00000E+00  0.00000E+00  0.00000E+00  0.57923E-01  0.40647E-01  0.11489E-01 
  0.35800E+03  0.00000E+00  0.00000E+00  0.00000E+00  0.00000E+00  0.00000E+00  0.00000E+00  0.00000E+00  0.00000E+00  0.58999E-01  0.40673E-01  0.11492E-01 
  0.35900E+03  0.00000E+00  0.00000E+00  0.00000E+00  0.00000E+00  0.00000E+00  0.00000E+00  0.00000E+00  0.00000E+00  0.59989E-01  0.40696E-01  0.11494E-01 
  0.36000E+03  0.00000E+00  0.00000E+00  0.00000E+00  0.00000E+00  0.00000E+00  0.00000E+00  0.00000E+00  0.00000E+00  0.60900E-01  0.40717E-01  0.11496E-01 
  0.36100E+03  0.00000E+00  0.00000E+00  0.00000E+00  0.00000E+00  0.00000E+00  0.00000E+00  0.00000E+00  0.00000E+00  0.61738E-01  0.40737E-01  0.11498E-01 
  0.36200E+03  0.00000E+00  0.00000E+00  0.00000E+00  0.00000E+00  0.00000E+00  0.00000E+00  0.00000E+00  0.00000E+00  0.62508E-01  0.40754E-01  0.11500E-01 
  0.36300E+03  0.00000E+00  0.00000E+00  0.00000E+00  0.00000E+00  0.00000E+00  0.00000E+00  0.00000E+00  0.00000E+00  0.63217E-01  0.40770E-01  0.11501E-01 
  0.36400E+03  0.00000E+00  0.00000E+00  0.00000E+00  0.00000E+00  0.00000E+00  0.00000E+00  0.00000E+00  0.00000E+00  0.63870E-01  0.40784E-01  0.11502E-01 
  0.36500E+03  0.00000E+00  0.00000E+00  0.00000E+00  0.00000E+00  0.00000E+00  0.00000E+00  0.00000E+00  0.00000E+00  0.64470E-01  0.40797E-01  0.11503E-01 
  0.36600E+03  0.00000E+00  0.00000E+00  0.00000E+00  0.00000E+00  0.00000E+00  0.00000E+00  0.00000E+00  0.46053E-06  0.65021E-01  0.40809E-01  0.11504E-01 
  0.36700E+03  0.00000E+00  0.00000E+00  0.00000E+00  0.00000E+00  0.00000E+00  0.00000E+00  0.00000E+00  0.64489E-02  0.65528E-01  0.40818E-01  0.11505E-01 
  0.36800E+03  0.00000E+00  0.00000E+00  0.00000E+00  0.00000E+00  0.00000E+00  0.00000E+00  0.00000E+00  0.12481E-01  0.65995E-01  0.40820E-01  0.11505E-01 
  0.36900E+03  0.00000E+00  0.00000E+00  0.00000E+00  0.00000E+00  0.00000E+00  0.00000E+00  0.00000E+00  0.18124E-01  0.66425E-01  0.40820E-01  0.11505E-01 
  0.37000E+03  0.00000E+00  0.00000E+00  0.00000E+00  0.00000E+00  0.00000E+00  0.00000E+00  0.00000E+00  0.23402E-01  0.66820E-01  0.40820E-01  0.11505E-01 
  0.37100E+03  0.00000E+00  0.00000E+00  0.00000E+00  0.00000E+00  0.00000E+00  0.00000E+00  0.00000E+00  0.28339E-01  0.67184E-01  0.40820E-01  0.11505E-01 
  0.37200E+03  0.00000E+00  0.00000E+00  0.00000E+00  0.00000E+00  0.00000E+00  0.00000E+00  0.00000E+00  0.32957E-01  0.67518E-01  0.40820E-01  0.11505E-01 
  0.37300E+03  0.00000E+00  0.00000E+00  0.00000E+00  0.00000E+00  0.00000E+00  0.00000E+00  0.00000E+00  0.37276E-01  0.67826E-01  0.40820E-01  0.11505E-01 
  0.37400E+03  0.00000E+00  0.00000E+00  0.00000E+00  0.00000E+00  0.00000E+00  0.00000E+00  0.00000E+00  0.41317E-01  0.68109E-01  0.40820E-01  0.11505E-01 
  0.37500E+03  0.00000E+00  0.00000E+00  0.00000E+00  0.00000E+00  0.00000E+00  0.00000E+00  0.00000E+00  0.45097E-01  0.68370E-01  0.40820E-01  0.11505E-01 
  0.37600E+03  0.00000E+00  0.00000E+00  0.00000E+00  0.00000E+00  0.00000E+00  0.00000E+00  0.00000E+00  0.48632E-01  0.68609E-01  0.40820E-01  0.11505E-01 
  0.37700E+03  0.00000E+00  0.00000E+00  0.00000E+00  0.00000E+00  0.00000E+00  0.00000E+00  0.00000E+00  0.51939E-01  0.68830E-01  0.40820E-01  0.11505E-01 
  0.37800E+03  0.00000E+00  0.00000E+00  0.00000E+00  0.00000E+00  0.00000E+00  0.00000E+00  0.00000E+00  0.55033E-01  0.69032E-01  0.40820E-01  0.11505E-01 
  0.37900E+03  0.00000E+00  0.00000E+00  0.00000E+00  0.00000E+00  0.00000E+00  0.00000E+00  0.00000E+00  0.57926E-01  0.69219E-01  0.40820E-01  0.11505E-01 
  0.38000E+03  0.00000E+00  0.00000E+00  0.00000E+00  0.00000E+00  0.00000E+00  0.00000E+00  0.00000E+00  0.60633E-01  0.69390E-01  0.40820E-01  0.11505E-01 
  0.38100E+03  0.00000E+00  0.00000E+00  0.00000E+00  0.00000E+00  0.00000E+00  0.00000E+00  0.00000E+00  0.63165E-01  0.69548E-01  0.40820E-01  0.11505E-01 
  0.38200E+03  0.00000E+00  0.00000E+00  0.00000E+00  0.00000E+00  0.00000E+00  0.00000E+00  0.00000E+00  0.65534E-01  0.69693E-01  0.40820E-01  0.11505E-01 
  0.38300E+03  0.00000E+00  0.00000E+00  0.00000E+00  0.00000E+00  0.00000E+00  0.00000E+00  0.00000E+00  0.67750E-01  0.69827E-01  0.40820E-01  0.11505E-01 
  0.38400E+03  0.00000E+00  0.00000E+00  0.00000E+00  0.00000E+00  0.00000E+00  0.00000E+00  0.00000E+00  0.69822E-01  0.69950E-01  0.40820E-01  0.11505E-01 
  0.38500E+03  0.00000E+00  0.00000E+00  0.00000E+00  0.00000E+00  0.00000E+00  0.00000E+00  0.00000E+00  0.71761E-01  0.70063E-01  0.40820E-01  0.11505E-01 
  0.38600E+03  0.00000E+00  0.00000E+00  0.00000E+00  0.00000E+00  0.00000E+00  0.00000E+00  0.00000E+00  0.73575E-01  0.70167E-01  0.40820E-01  0.11505E-01 
  0.38700E+03  0.00000E+00  0.00000E+00  0.00000E+00  0.00000E+00  0.00000E+00  0.00000E+00  0.00000E+00  0.75271E-01  0.70263E-01  0.40820E-01  0.11505E-01 
  0.38800E+03  0.00000E+00  0.00000E+00  0.00000E+00  0.00000E+00  0.00000E+00  0.00000E+00  0.00000E+00  0.76858E-01  0.70351E-01  0.40820E-01  0.11505E-01 
  0.38900E+03  0.00000E+00  0.00000E+00  0.00000E+00  0.00000E+00  0.00000E+00  0.00000E+00  0.00000E+00  0.78343E-01  0.70432E-01  0.40820E-01  0.11505E-01 
  0.39000E+03  0.00000E+00  0.00000E+00  0.00000E+00  0.00000E+00  0.00000E+00  0.00000E+00  0.00000E+00  0.79731E-01  0.70506E-01  0.40820E-01  0.11505E-01 
  0.39100E+03  0.00000E+00  0.00000E+00  0.00000E+00  0.00000E+00  0.00000E+00  0.00000E+00  0.00000E+00  0.81030E-01  0.70575E-01  0.40820E-01  0.11505E-01 
  0.39200E+03  0.00000E+00  0.00000E+00  0.00000E+00  0.00000E+00  0.00000E+00  0.00000E+00  0.00000E+00  0.82245E-01  0.70638E-01  0.40820E-01  0.11505E-01 
  0.39300E+03  0.00000E+00  0.00000E+00  0.00000E+00  0.00000E+00  0.00000E+00  0.00000E+00  0.00000E+00  0.83382E-01  0.70696E-01  0.40820E-01  0.11505E-01 
  0.39400E+03  0.00000E+00  0.00000E+00  0.00000E+00  0.00000E+00  0.00000E+00  0.00000E+00  0.00000E+00  0.84446E-01  0.70749E-01  0.40820E-01  0.11505E-01 
  0.39500E+03  0.00000E+00  0.00000E+00  0.00000E+00  0.00000E+00  0.00000E+00  0.00000E+00  0.00000E+00  0.85440E-01  0.70798E-01  0.40820E-01  0.11505E-01 
  0.39600E+03  0.00000E+00  0.00000E+00  0.00000E+00  0.00000E+00  0.00000E+00  0.00000E+00  0.00000E+00  0.86371E-01  0.70844E-01  0.40820E-01  0.11505E-01 
  0.39700E+03  0.00000E+00  0.00000E+00  0.00000E+00  0.00000E+00  0.00000E+00  0.00000E+00  0.41406E-06  0.87240E-01  0.70885E-01  0.40820E-01  0.11505E-01 
  0.39800E+03  0.00000E+00  0.00000E+00  0.00000E+00  0.00000E+00  0.00000E+00  0.00000E+00  0.59174E-02  0.88054E-01  0.70885E-01  0.40820E-01  0.11505E-01 
  0.39900E+03  0.00000E+00  0.00000E+00  0.00000E+00  0.00000E+00  0.00000E+00  0.00000E+00  0.11515E-01  0.88816E-01  0.70885E-01  0.40820E-01  0.11505E-01 
  0.40000E+03  0.00000E+00  0.00000E+00  0.00000E+00  0.00000E+00  0.00000E+00  0.00000E+00  0.16809E-01  0.89528E-01  0.70885E-01  0.40820E-01  0.11505E-01 
  0.40100E+03  0.00000E+00  0.00000E+00  0.00000E+00  0.00000E+00  0.00000E+00  0.00000E+00  0.21817E-01  0.90195E-01  0.70885E-01  0.40820E-01  0.11505E-01 
  0.40200E+03  0.00000E+00  0.00000E+00  0.00000E+00  0.00000E+00  0.00000E+00  0.00000E+00  0.26555E-01  0.90818E-01  0.70885E-01  0.40820E-01  0.11505E-01 
  0.40300E+03  0.00000E+00  0.00000E+00  0.00000E+00  0.00000E+00  0.00000E+00  0.00000E+00  0.31035E-01  0.91401E-01  0.70885E-01  0.40820E-01  0.11505E-01 
  0.40400E+03  0.00000E+00  0.00000E+00  0.00000E+00  0.00000E+00  0.00000E+00  0.00000E+00  0.35274E-01  0.91947E-01  0.70885E-01  0.40820E-01  0.11505E-01 
  0.40500E+03  0.00000E+00  0.00000E+00  0.00000E+00  0.00000E+00  0.00000E+00  0.00000E+00  0.39283E-01  0.92457E-01  0.70885E-01  0.40820E-01  0.11505E-01 
  0.40600E+03  0.00000E+00  0.00000E+00  0.00000E+00  0.00000E+00  0.00000E+00  0.00000E+00  0.43075E-01  0.92935E-01  0.70885E-01  0.40820E-01  0.11505E-01 
  0.40700E+03  0.00000E+00  0.00000E+00  0.00000E+00  0.00000E+00  0.00000E+00  0.00000E+00  0.46663E-01  0.93381E-01  0.70885E-01  0.40820E-01  0.11505E-01 
  0.40800E+03  0.00000E+00  0.00000E+00  0.00000E+00  0.00000E+00  0.00000E+00  0.00000E+00  0.50056E-01  0.93799E-01  0.70885E-01  0.40820E-01  0.11505E-01 
  0.40900E+03  0.00000E+00  0.00000E+00  0.00000E+00  0.00000E+00  0.00000E+00  0.00000E+00  0.53266E-01  0.94190E-01  0.70885E-01  0.40820E-01  0.11505E-01 
  0.41000E+03  0.00000E+00  0.00000E+00  0.00000E+00  0.00000E+00  0.00000E+00  0.00000E+00  0.56302E-01  0.94555E-01  0.70885E-01  0.40820E-01  0.11505E-01 
  0.41100E+03  0.00000E+00  0.00000E+00  0.00000E+00  0.00000E+00  0.00000E+00  0.00000E+00  0.59174E-01  0.94898E-01  0.70885E-01  0.40820E-01  0.11505E-01 
  0.41200E+03  0.00000E+00  0.00000E+00  0.00000E+00  0.00000E+00  0.00000E+00  0.00000E+00  0.61891E-01  0.95217E-01  0.70885E-01  0.40820E-01  0.11505E-01 
  0.41300E+03  0.00000E+00  0.00000E+00  0.00000E+00  0.00000E+00  0.00000E+00  0.00000E+00  0.64461E-01  0.95517E-01  0.70885E-01  0.40820E-01  0.11505E-01 
  0.41400E+03  0.00000E+00  0.00000E+00  0.00000E+00  0.00000E+00  0.00000E+00  0.00000E+00  0.66892E-01  0.95797E-01  0.70885E-01  0.40820E-01  0.11505E-01 
  0.41500E+03  0.00000E+00  0.00000E+00  0.00000E+00  0.00000E+00  0.00000E+00  0.00000E+00  0.69192E-01  0.96059E-01  0.70885E-01  0.40820E-01  0.11505E-01 
  0.41600E+03  0.00000E+00  0.00000E+00  0.00000E+00  0.00000E+00  0.00000E+00  0.00000E+00  0.71367E-01  0.96304E-01  0.70885E-01  0.40820E-01  0.11505E-01 
  0.41700E+03  0.00000E+00  0.00000E+00  0.00000E+00  0.00000E+00  0.00000E+00  0.00000E+00  0.73424E-01  0.96533E-01  0.70885E-01  0.40820E-01  0.11505E-01 
  0.41800E+03  0.00000E+00  0.00000E+00  0.00000E+00  0.00000E+00  0.00000E+00  0.00000E+00  0.75371E-01  0.96747E-01  0.70885E-01  0.40820E-01  0.11505E-01 
  0.41900E+03  0.00000E+00  0.00000E+00  0.00000E+00  0.00000E+00  0.00000E+00  0.00000E+00  0.77212E-01  0.96948E-01  0.70885E-01  0.40820E-01  0.11505E-01 
  0.42000E+03  0.00000E+00  0.00000E+00  0.00000E+00  0.00000E+00  0.00000E+00  0.00000E+00  0.78953E-01  0.97136E-01  0.70885E-01  0.40820E-01  0.11505E-01 
  0.42100E+03  0.00000E+00  0.00000E+00  0.00000E+00  0.00000E+00  0.00000E+00  0.00000E+00  0.80601E-01  0.97311E-01  0.70885E-01  0.40820E-01  0.11505E-01 
  0.42200E+03  0.00000E+00  0.00000E+00  0.00000E+00  0.00000E+00  0.00000E+00  0.00000E+00  0.82159E-01  0.97476E-01  0.70885E-01  0.40820E-01  0.11505E-01 
  0.42300E+03  0.00000E+00  0.00000E+00  0.00000E+00  0.00000E+00  0.00000E+00  0.00000E+00  0.83634E-01  0.97629E-01  0.70885E-01  0.40820E-01  0.11505E-01 
  0.42400E+03  0.00000E+00  0.00000E+00  0.00000E+00  0.00000E+00  0.00000E+00  0.00000E+00  0.85028E-01  0.97773E-01  0.70885E-01  0.40820E-01  0.11505E-01 
  0.42500E+03  0.00000E+00  0.00000E+00  0.00000E+00  0.00000E+00  0.00000E+00  0.00000E+00  0.86347E-01  0.97907E-01  0.70885E-01  0.40820E-01  0.11505E-01 
  0.42600E+03  0.00000E+00  0.00000E+00  0.00000E+00  0.00000E+00  0.00000E+00  0.00000E+00  0.87595E-01  0.98033E-01  0.70885E-01  0.40820E-01  0.11505E-01 
  0.42700E+03  0.00000E+00  0.00000E+00  0.00000E+00  0.00000E+00  0.00000E+00  0.38178E-06  0.88773E-01  0.98033E-01  0.70885E-01  0.40820E-01  0.11505E-01 
  0.42800E+03  0.00000E+00  0.00000E+00  0.00000E+00  0.00000E+00  0.00000E+00  0.47489E-02  0.89889E-01  0.98033E-01  0.70885E-01  0.40820E-01  0.11505E-01 
  0.42900E+03  0.00000E+00  0.00000E+00  0.00000E+00  0.00000E+00  0.00000E+00  0.92868E-02  0.90945E-01  0.98033E-01  0.70885E-01  0.40820E-01  0.11505E-01 
  0.43000E+03  0.00000E+00  0.00000E+00  0.00000E+00  0.00000E+00  0.00000E+00  0.13623E-01  0.91944E-01  0.98033E-01  0.70885E-01  0.40820E-01  0.11505E-01 
  0.43100E+03  0.00000E+00  0.00000E+00  0.00000E+00  0.00000E+00  0.00000E+00  0.17766E-01  0.92889E-01  0.98033E-01  0.70885E-01  0.40820E-01  0.11505E-01 
  0.43200E+03  0.00000E+00  0.00000E+00  0.00000E+00  0.00000E+00  0.00000E+00  0.21726E-01  0.93783E-01  0.98033E-01  0.70885E-01  0.40820E-01  0.11505E-01 
  0.43300E+03  0.00000E+00  0.00000E+00  0.00000E+00  0.00000E+00  0.00000E+00  0.25509E-01  0.94629E-01  0.98033E-01  0.70885E-01  0.40820E-01  0.11505E-01 
  0.43400E+03  0.00000E+00  0.00000E+00  0.00000E+00  0.00000E+00  0.00000E+00  0.29124E-01  0.95428E-01  0.98033E-01  0.70885E-01  0.40820E-01  0.11505E-01 
  0.43500E+03  0.00000E+00  0.00000E+00  0.00000E+00  0.00000E+00  0.00000E+00  0.32578E-01  0.96185E-01  0.98033E-01  0.70885E-01  0.40820E-01  0.11505E-01 
  0.43600E+03  0.00000E+00  0.00000E+00  0.00000E+00  0.00000E+00  0.00000E+00  0.35879E-01  0.96901E-01  0.98033E-01  0.70885E-01  0.40820E-01  0.11505E-01 
  0.43700E+03  0.00000E+00  0.00000E+00  0.00000E+00  0.00000E+00  0.00000E+00  0.39033E-01  0.97578E-01  0.98033E-01  0.70885E-01  0.40820E-01  0.11505E-01 
  0.43800E+03  0.00000E+00  0.00000E+00  0.00000E+00  0.00000E+00  0.00000E+00  0.42046E-01  0.98218E-01  0.98033E-01  0.70885E-01  0.40820E-01  0.11505E-01 
  0.43900E+03  0.00000E+00  0.00000E+00  0.00000E+00  0.00000E+00  0.00000E+00  0.44926E-01  0.98824E-01  0.98033E-01  0.70885E-01  0.40820E-01  0.11505E-01 
  0.44000E+03  0.00000E+00  0.00000E+00  0.00000E+00  0.00000E+00  0.00000E+00  0.47678E-01  0.99397E-01  0.98033E-01  0.70885E-01  0.40820E-01  0.11505E-01 
  0.44100E+03  0.00000E+00  0.00000E+00  0.00000E+00  0.00000E+00  0.00000E+00  0.50308E-01  0.99939E-01  0.98033E-01  0.70885E-01  0.40820E-01  0.11505E-01 
  0.44200E+03  0.00000E+00  0.00000E+00  0.00000E+00  0.00000E+00  0.00000E+00  0.52821E-01  0.10045E+00  0.98033E-01  0.70885E-01  0.40820E-01  0.11505E-01 
  0.44300E+03  0.00000E+00  0.00000E+00  0.00000E+00  0.00000E+00  0.00000E+00  0.55222E-01  0.10094E+00  0.98033E-01  0.70885E-01  0.40820E-01  0.11505E-01 
  0.44400E+03  0.00000E+00  0.00000E+00  0.00000E+00  0.00000E+00  0.00000E+00  0.57516E-01  0.10140E+00  0.98033E-01  0.70885E-01  0.40820E-01  0.11505E-01 
  0.44500E+03  0.00000E+00  0.00000E+00  0.00000E+00  0.00000E+00  0.00000E+00  0.59708E-01  0.10183E+00  0.98033E-01  0.70885E-01  0.40820E-01  0.11505E-01 
  0.44600E+03  0.00000E+00  0.00000E+00  0.00000E+00  0.00000E+00  0.00000E+00  0.61803E-01  0.10224E+00  0.98033E-01  0.70885E-01  0.40820E-01  0.11505E-01 
  0.44700E+03  0.00000E+00  0.00000E+00  0.00000E+00  0.00000E+00  0.00000E+00  0.63805E-01  0.10263E+00  0.98033E-01  0.70885E-01  0.40820E-01  0.11505E-01 
  0.44800E+03  0.00000E+00  0.00000E+00  0.00000E+00  0.00000E+00  0.00000E+00  0.65718E-01  0.10300E+00  0.98033E-01  0.70885E-01  0.40820E-01  0.11505E-01 
  0.44900E+03  0.00000E+00  0.00000E+00  0.00000E+00  0.00000E+00  0.00000E+00  0.67546E-01  0.10334E+00  0.98033E-01  0.70885E-01  0.40820E-01  0.11505E-01 
  0.45000E+03  0.00000E+00  0.00000E+00  0.00000E+00  0.00000E+00  0.00000E+00  0.69293E-01  0.10367E+00  0.98033E-01  0.70885E-01  0.40820E-01  0.11505E-01 
  0.45100E+03  0.00000E+00  0.00000E+00  0.00000E+00  0.00000E+00  0.00000E+00  0.70962E-01  0.10398E+00  0.98033E-01  0.70885E-01  0.40820E-01  0.11505E-01 
  0.45200E+03  0.00000E+00  0.00000E+00  0.00000E+00  0.00000E+00  0.00000E+00  0.72557E-01  0.10428E+00  0.98033E-01  0.70885E-01  0.40820E-01  0.11505E-01 
  0.45300E+03  0.00000E+00  0.00000E+00  0.00000E+00  0.00000E+00  0.00000E+00  0.74081E-01  0.10456E+00  0.98033E-01  0.70885E-01  0.40820E-01  0.11505E-01 
  0.45400E+03  0.00000E+00  0.00000E+00  0.00000E+00  0.00000E+00  0.00000E+00  0.75537E-01  0.10482E+00  0.98033E-01  0.70885E-01  0.40820E-01  0.11505E-01 
  0.45500E+03  0.00000E+00  0.00000E+00  0.00000E+00  0.00000E+00  0.00000E+00  0.76929E-01  0.10507E+00  0.98033E-01  0.70885E-01  0.40820E-01  0.11505E-01 
  0.45600E+03  0.00000E+00  0.00000E+00  0.00000E+00  0.00000E+00  0.00000E+00  0.78258E-01  0.10530E+00  0.98033E-01  0.70885E-01  0.40820E-01  0.11505E-01 
  0.45700E+03  0.00000E+00  0.00000E+00  0.00000E+00  0.00000E+00  0.41674E-06  0.79527E-01  0.10553E+00  0.98033E-01  0.70885E-01  0.40820E-01  0.11505E-01 
  0.45800E+03  0.00000E+00  0.00000E+00  0.00000E+00  0.00000E+00  0.37503E-02  0.80742E-01  0.10553E+00  0.98033E-01  0.70885E-01  0.40820E-01  0.11505E-01 
  0.45900E+03  0.00000E+00  0.00000E+00  0.00000E+00  0.00000E+00  0.73643E-02  0.81902E-01  0.10553E+00  0.98033E-01  0.70885E-01  0.40820E-01  0.11505E-01 
  0.46000E+03  0.00000E+00  0.00000E+00  0.00000E+00  0.00000E+00  0.10847E-01  0.83010E-01  0.10553E+00  0.98033E-01  0.70885E-01  0.40820E-01  0.11505E-01 
  0.46100E+03  0.00000E+00  0.00000E+00  0.00000E+00  0.00000E+00  0.14203E-01  0.84070E-01  0.10553E+00  0.98033E-01  0.70885E-01  0.40820E-01  0.11505E-01 
  0.46200E+03  0.00000E+00  0.00000E+00  0.00000E+00  0.00000E+00  0.17437E-01  0.85082E-01  0.10553E+00  0.98033E-01  0.70885E-01  0.40820E-01  0.11505E-01 
  0.46300E+03  0.00000E+00  0.00000E+00  0.00000E+00  0.00000E+00  0.20553E-01  0.86049E-01  0.10553E+00  0.98033E-01  0.70885E-01  0.40820E-01  0.11505E-01 
  0.46400E+03  0.00000E+00  0.00000E+00  0.00000E+00  0.00000E+00  0.23556E-01  0.86973E-01  0.10553E+00  0.98033E-01  0.70885E-01  0.40820E-01  0.11505E-01 
  0.46500E+03  0.00000E+00  0.00000E+00  0.00000E+00  0.00000E+00  0.26449E-01  0.87856E-01  0.10553E+00  0.98033E-01  0.70885E-01  0.40820E-01  0.11505E-01 
  0.46600E+03  0.00000E+00  0.00000E+00  0.00000E+00  0.00000E+00  0.29238E-01  0.88700E-01  0.10553E+00  0.98033E-01  0.70885E-01  0.40820E-01  0.11505E-01 
  0.46700E+03  0.00000E+00  0.00000E+00  0.00000E+00  0.00000E+00  0.31925E-01  0.89506E-01  0.10553E+00  0.98033E-01  0.70885E-01  0.40820E-01  0.11505E-01 
  0.46800E+03  0.00000E+00  0.00000E+00  0.00000E+00  0.00000E+00  0.34514E-01  0.90277E-01  0.10553E+00  0.98033E-01  0.70885E-01  0.40820E-01  0.11505E-01 
  0.46900E+03  0.00000E+00  0.00000E+00  0.00000E+00  0.00000E+00  0.37009E-01  0.91013E-01  0.10553E+00  0.98033E-01  0.70885E-01  0.40820E-01  0.11505E-01 
  0.47000E+03  0.00000E+00  0.00000E+00  0.00000E+00  0.00000E+00  0.39414E-01  0.91717E-01  0.10553E+00  0.98033E-01  0.70885E-01  0.40820E-01  0.11505E-01 
  0.47100E+03  0.00000E+00  0.00000E+00  0.00000E+00  0.00000E+00  0.41731E-01  0.92389E-01  0.10553E+00  0.98033E-01  0.70885E-01  0.40820E-01  0.11505E-01 
  0.47200E+03  0.00000E+00  0.00000E+00  0.00000E+00  0.00000E+00  0.43964E-01  0.93032E-01  0.10553E+00  0.98033E-01  0.70885E-01  0.40820E-01  0.11505E-01 
  0.47300E+03  0.00000E+00  0.00000E+00  0.00000E+00  0.00000E+00  0.46115E-01  0.93645E-01  0.10553E+00  0.98033E-01  0.70885E-01  0.40820E-01  0.11505E-01 
  0.47400E+03  0.00000E+00  0.00000E+00  0.00000E+00  0.00000E+00  0.48189E-01  0.94232E-01  0.10553E+00  0.98033E-01  0.70885E-01  0.40820E-01  0.11505E-01 
  0.47500E+03  0.00000E+00  0.00000E+00  0.00000E+00  0.00000E+00  0.50187E-01  0.94793E-01  0.10553E+00  0.98033E-01  0.70885E-01  0.40820E-01  0.11505E-01 
  0.47600E+03  0.00000E+00  0.00000E+00  0.00000E+00  0.00000E+00  0.52113E-01  0.95328E-01  0.10553E+00  0.98033E-01  0.70885E-01  0.40820E-01  0.11505E-01 
  0.47700E+03  0.00000E+00  0.00000E+00  0.00000E+00  0.00000E+00  0.53968E-01  0.95840E-01  0.10553E+00  0.98033E-01  0.70885E-01  0.40820E-01  0.11505E-01 
  0.47800E+03  0.00000E+00  0.00000E+00  0.00000E+00  0.00000E+00  0.55756E-01  0.96330E-01  0.10553E+00  0.98033E-01  0.70885E-01  0.40820E-01  0.11505E-01 
  0.47900E+03  0.00000E+00  0.00000E+00  0.00000E+00  0.00000E+00  0.57479E-01  0.96797E-01  0.10553E+00  0.98033E-01  0.70885E-01  0.40820E-01  0.11505E-01 
  0.48000E+03  0.00000E+00  0.00000E+00  0.00000E+00  0.00000E+00  0.59140E-01  0.97244E-01  0.10553E+00  0.98033E-01  0.70885E-01  0.40820E-01  0.11505E-01 
  0.48100E+03  0.00000E+00  0.00000E+00  0.00000E+00  0.00000E+00  0.60740E-01  0.97671E-01  0.10553E+00  0.98033E-01  0.70885E-01  0.40820E-01  0.11505E-01 
  0.48200E+03  0.00000E+00  0.00000E+00  0.00000E+00  0.00000E+00  0.62281E-01  0.98078E-01  0.10553E+00  0.98033E-01  0.70885E-01  0.40820E-01  0.11505E-01 
  0.48300E+03  0.00000E+00  0.00000E+00  0.00000E+00  0.00000E+00  0.63767E-01  0.98468E-01  0.10553E+00  0.98033E-01  0.70885E-01  0.40820E-01  0.11505E-01 
  0.48400E+03  0.00000E+00  0.00000E+00  0.00000E+00  0.00000E+00  0.65199E-01  0.98841E-01  0.10553E+00  0.98033E-01  0.70885E-01  0.40820E-01  0.11505E-01 
  0.48500E+03  0.00000E+00  0.00000E+00  0.00000E+00  0.00000E+00  0.66579E-01  0.99196E-01  0.10553E+00  0.98033E-01  0.70885E-01  0.40820E-01  0.11505E-01 
  0.48600E+03  0.00000E+00  0.00000E+00  0.00000E+00  0.00000E+00  0.67908E-01  0.99536E-01  0.10553E+00  0.98033E-01  0.70885E-01  0.40820E-01  0.11505E-01 
  0.48700E+03  0.00000E+00  0.00000E+00  0.00000E+00  0.39652E-06  0.69188E-01  0.99861E-01  0.10553E+00  0.98033E-01  0.70885E-01  0.40820E-01  0.11505E-01 
  0.48800E+03  0.00000E+00  0.00000E+00  0.00000E+00  0.28602E-02  0.70423E-01  0.99861E-01  0.10553E+00  0.98033E-01  0.70885E-01  0.40820E-01  0.11505E-01 
  0.48900E+03  0.00000E+00  0.00000E+00  0.00000E+00  0.56325E-02  0.71612E-01  0.99861E-01  0.10553E+00  0.98033E-01  0.70885E-01  0.40820E-01  0.11505E-01 
  0.49000E+03  0.00000E+00  0.00000E+00  0.00000E+00  0.83195E-02  0.72759E-01  0.99861E-01  0.10553E+00  0.98033E-01  0.70885E-01  0.40820E-01  0.11505E-01 
  0.49100E+03  0.00000E+00  0.00000E+00  0.00000E+00  0.10924E-01  0.73863E-01  0.99861E-01  0.10553E+00  0.98033E-01  0.70885E-01  0.40820E-01  0.11505E-01 
  0.49200E+03  0.00000E+00  0.00000E+00  0.00000E+00  0.13448E-01  0.74928E-01  0.99861E-01  0.10553E+00  0.98033E-01  0.70885E-01  0.40820E-01  0.11505E-01 
  0.49300E+03  0.00000E+00  0.00000E+00  0.00000E+00  0.15894E-01  0.75954E-01  0.99861E-01  0.10553E+00  0.98033E-01  0.70885E-01  0.40820E-01  0.11505E-01 
  0.49400E+03  0.00000E+00  0.00000E+00  0.00000E+00  0.18266E-01  0.76942E-01  0.99861E-01  0.10553E+00  0.98033E-01  0.70885E-01  0.40820E-01  0.11505E-01 
  0.49500E+03  0.00000E+00  0.00000E+00  0.00000E+00  0.20564E-01  0.77895E-01  0.99861E-01  0.10553E+00  0.98033E-01  0.70885E-01  0.40820E-01  0.11505E-01 
  0.49600E+03  0.00000E+00  0.00000E+00  0.00000E+00  0.22792E-01  0.78813E-01  0.99861E-01  0.10553E+00  0.98033E-01  0.70885E-01  0.40820E-01  0.11505E-01 
  0.49700E+03  0.00000E+00  0.00000E+00  0.00000E+00  0.24950E-01  0.79697E-01  0.99861E-01  0.10553E+00  0.98033E-01  0.70885E-01  0.40820E-01  0.11505E-01 
  0.49800E+03  0.00000E+00  0.00000E+00  0.00000E+00  0.27043E-01  0.80550E-01  0.99861E-01  0.10553E+00  0.98033E-01  0.70885E-01  0.40820E-01  0.11505E-01 
  0.49900E+03  0.00000E+00  0.00000E+00  0.00000E+00  0.29071E-01  0.81371E-01  0.99861E-01  0.10553E+00  0.98033E-01  0.70885E-01  0.40820E-01  0.11505E-01 
  0.50000E+03  0.00000E+00  0.00000E+00  0.00000E+00  0.31037E-01  0.82162E-01  0.99861E-01  0.10553E+00  0.98033E-01  0.70885E-01  0.40820E-01  0.11505E-01 
  0.50100E+03  0.00000E+00  0.00000E+00  0.00000E+00  0.32942E-01  0.82925E-01  0.99861E-01  0.10553E+00  0.98033E-01  0.70885E-01  0.40820E-01  0.11505E-01 
  0.50200E+03  0.00000E+00  0.00000E+00  0.00000E+00  0.34789E-01  0.83660E-01  0.99861E-01  0.10553E+00  0.98033E-01  0.70885E-01  0.40820E-01  0.11505E-01 
  0.50300E+03  0.00000E+00  0.00000E+00  0.00000E+00  0.36579E-01  0.84368E-01  0.99861E-01  0.10553E+00  0.98033E-01  0.70885E-01  0.40820E-01  0.11505E-01 
  0.50400E+03  0.00000E+00  0.00000E+00  0.00000E+00  0.38314E-01  0.85051E-01  0.99861E-01  0.10553E+00  0.98033E-01  0.70885E-01  0.40820E-01  0.11505E-01 
  0.50500E+03  0.00000E+00  0.00000E+00  0.00000E+00  0.39995E-01  0.85709E-01  0.99861E-01  0.10553E+00  0.98033E-01  0.70885E-01  0.40820E-01  0.11505E-01 
  0.50600E+03  0.00000E+00  0.00000E+00  0.00000E+00  0.41625E-01  0.86342E-01  0.99861E-01  0.10553E+00  0.98033E-01  0.70885E-01  0.40820E-01  0.11505E-01 
  0.50700E+03  0.00000E+00  0.00000E+00  0.00000E+00  0.43204E-01  0.86953E-01  0.99861E-01  0.10553E+00  0.98033E-01  0.70885E-01  0.40820E-01  0.11505E-01 
  0.50800E+03  0.00000E+00  0.00000E+00  0.00000E+00  0.44736E-01  0.87542E-01  0.99861E-01  0.10553E+00  0.98033E-01  0.70885E-01  0.40820E-01  0.11505E-01 
  0.50900E+03  0.00000E+00  0.00000E+00  0.00000E+00  0.46220E-01  0.88109E-01  0.99861E-01  0.10553E+00  0.98033E-01  0.70885E-01  0.40820E-01  0.11505E-01 
  0.51000E+03  0.00000E+00  0.00000E+00  0.00000E+00  0.47658E-01  0.88656E-01  0.99861E-01  0.10553E+00  0.98033E-01  0.70885E-01  0.40820E-01  0.11505E-01 
  0.51100E+03  0.00000E+00  0.00000E+00  0.00000E+00  0.49052E-01  0.89183E-01  0.99861E-01  0.10553E+00  0.98033E-01  0.70885E-01  0.40820E-01  0.11505E-01 
  0.51200E+03  0.00000E+00  0.00000E+00  0.00000E+00  0.50403E-01  0.89690E-01  0.99861E-01  0.10553E+00  0.98033E-01  0.70885E-01  0.40820E-01  0.11505E-01 
  0.51300E+03  0.00000E+00  0.00000E+00  0.00000E+00  0.51713E-01  0.90179E-01  0.99861E-01  0.10553E+00  0.98033E-01  0.70885E-01  0.40820E-01  0.11505E-01 
  0.51400E+03  0.00000E+00  0.00000E+00  0.00000E+00  0.52983E-01  0.90651E-01  0.99861E-01  0.10553E+00  0.98033E-01  0.70885E-01  0.40820E-01  0.11505E-01 
  0.51500E+03  0.00000E+00  0.00000E+00  0.00000E+00  0.54213E-01  0.91105E-01  0.99861E-01  0.10553E+00  0.98033E-01  0.70885E-01  0.40820E-01  0.11505E-01 
  0.51600E+03  0.00000E+00  0.00000E+00  0.00000E+00  0.55405E-01  0.91543E-01  0.99861E-01  0.10553E+00  0.98033E-01  0.70885E-01  0.40820E-01  0.11505E-01 
  0.51700E+03  0.00000E+00  0.00000E+00  0.38750E-06  0.56560E-01  0.91964E-01  0.99861E-01  0.10553E+00  0.98033E-01  0.70885E-01  0.40820E-01  0.11505E-01 
  0.51800E+03  0.00000E+00  0.00000E+00  0.19301E-02  0.57680E-01  0.91964E-01  0.99861E-01  0.10553E+00  0.98033E-01  0.70885E-01  0.40820E-01  0.11505E-01 
  0.51900E+03  0.00000E+00  0.00000E+00  0.38088E-02  0.58765E-01  0.91964E-01  0.99861E-01  0.10553E+00  0.98033E-01  0.70885E-01  0.40820E-01  0.11505E-01 
  0.52000E+03  0.00000E+00  0.00000E+00  0.56374E-02  0.59818E-01  0.91964E-01  0.99861E-01  0.10553E+00  0.98033E-01  0.70885E-01  0.40820E-01  0.11505E-01 
  0.52100E+03  0.00000E+00  0.00000E+00  0.74173E-02  0.60838E-01  0.91964E-01  0.99861E-01  0.10553E+00  0.98033E-01  0.70885E-01  0.40820E-01  0.11505E-01 
  0.52200E+03  0.00000E+00  0.00000E+00  0.91497E-02  0.61826E-01  0.91964E-01  0.99861E-01  0.10553E+00  0.98033E-01  0.70885E-01  0.40820E-01  0.11505E-01 
  0.52300E+03  0.00000E+00  0.00000E+00  0.10836E-01  0.62784E-01  0.91964E-01  0.99861E-01  0.10553E+00  0.98033E-01  0.70885E-01  0.40820E-01  0.11505E-01 
  0.52400E+03  0.00000E+00  0.00000E+00  0.12477E-01  0.63713E-01  0.91964E-01  0.99861E-01  0.10553E+00  0.98033E-01  0.70885E-01  0.40820E-01  0.11505E-01 
  0.52500E+03  0.00000E+00  0.00000E+00  0.14075E-01  0.64613E-01  0.91964E-01  0.99861E-01  0.10553E+00  0.98033E-01  0.70885E-01  0.40820E-01  0.11505E-01 
  0.52600E+03  0.00000E+00  0.00000E+00  0.15629E-01  0.65485E-01  0.91964E-01  0.99861E-01  0.10553E+00  0.98033E-01  0.70885E-01  0.40820E-01  0.11505E-01 
  0.52700E+03  0.00000E+00  0.00000E+00  0.17143E-01  0.66331E-01  0.91964E-01  0.99861E-01  0.10553E+00  0.98033E-01  0.70885E-01  0.40820E-01  0.11505E-01 
  0.52800E+03  0.00000E+00  0.00000E+00  0.18616E-01  0.67150E-01  0.91964E-01  0.99861E-01  0.10553E+00  0.98033E-01  0.70885E-01  0.40820E-01  0.11505E-01 
  0.52900E+03  0.00000E+00  0.00000E+00  0.20050E-01  0.67944E-01  0.91964E-01  0.99861E-01  0.10553E+00  0.98033E-01  0.70885E-01  0.40820E-01  0.11505E-01 
  0.53000E+03  0.00000E+00  0.00000E+00  0.21445E-01  0.68714E-01  0.91964E-01  0.99861E-01  0.10553E+00  0.98033E-01  0.70885E-01  0.40820E-01  0.11505E-01 
  0.53100E+03  0.00000E+00  0.00000E+00  0.22803E-01  0.69460E-01  0.91964E-01  0.99861E-01  0.10553E+00  0.98033E-01  0.70885E-01  0.40820E-01  0.11505E-01 
  0.53200E+03  0.00000E+00  0.00000E+00  0.24125E-01  0.70183E-01  0.91964E-01  0.99861E-01  0.10553E+00  0.98033E-01  0.70885E-01  0.40820E-01  0.11505E-01 
  0.53300E+03  0.00000E+00  0.00000E+00  0.25412E-01  0.70884E-01  0.91964E-01  0.99861E-01  0.10553E+00  0.98033E-01  0.70885E-01  0.40820E-01  0.11505E-01 
  0.53400E+03  0.00000E+00  0.00000E+00  0.26665E-01  0.71564E-01  0.91964E-01  0.99861E-01  0.10553E+00  0.98033E-01  0.70885E-01  0.40820E-01  0.11505E-01 
  0.53500E+03  0.00000E+00  0.00000E+00  0.27884E-01  0.72222E-01  0.91964E-01  0.99861E-01  0.10553E+00  0.98033E-01  0.70885E-01  0.40820E-01  0.11505E-01 
  0.53600E+03  0.00000E+00  0.00000E+00  0.29070E-01  0.72860E-01  0.91964E-01  0.99861E-01  0.10553E+00  0.98033E-01  0.70885E-01  0.40820E-01  0.11505E-01 
  0.53700E+03  0.00000E+00  0.00000E+00  0.30225E-01  0.73479E-01  0.91964E-01  0.99861E-01  0.10553E+00  0.98033E-01  0.70885E-01  0.40820E-01  0.11505E-01 
  0.53800E+03  0.00000E+00  0.00000E+00  0.31350E-01  0.74078E-01  0.91964E-01  0.99861E-01  0.10553E+00  0.98033E-01  0.70885E-01  0.40820E-01  0.11505E-01 
  0.53900E+03  0.00000E+00  0.00000E+00  0.32444E-01  0.74659E-01  0.91964E-01  0.99861E-01  0.10553E+00  0.98033E-01  0.70885E-01  0.40820E-01  0.11505E-01 
  0.54000E+03  0.00000E+00  0.00000E+00  0.33509E-01  0.75223E-01  0.91964E-01  0.99861E-01  0.10553E+00  0.98033E-01  0.70885E-01  0.40820E-01  0.11505E-01 
  0.54100E+03  0.00000E+00  0.00000E+00  0.34546E-01  0.75769E-01  0.91964E-01  0.99861E-01  0.10553E+00  0.98033E-01  0.70885E-01  0.40820E-01  0.11505E-01 
  0.54200E+03  0.00000E+00  0.00000E+00  0.35555E-01  0.76298E-01  0.91964E-01  0.99861E-01  0.10553E+00  0.98033E-01  0.70885E-01  0.40820E-01  0.11505E-01 
  0.54300E+03  0.00000E+00  0.00000E+00  0.36537E-01  0.76811E-01  0.91964E-01  0.99861E-01  0.10553E+00  0.98033E-01  0.70885E-01  0.40820E-01  0.11505E-01 
  0.54400E+03  0.00000E+00  0.00000E+00  0.37493E-01  0.77308E-01  0.91964E-01  0.99861E-01  0.10553E+00  0.98033E-01  0.70885E-01  0.40820E-01  0.11505E-01 
  0.54500E+03  0.00000E+00  0.00000E+00  0.38423E-01  0.77790E-01  0.91964E-01  0.99861E-01  0.10553E+00  0.98033E-01  0.70885E-01  0.40820E-01  0.11505E-01 
  0.54600E+03  0.00000E+00  0.00000E+00  0.39329E-01  0.78257E-01  0.91964E-01  0.99861E-01  0.10553E+00  0.98033E-01  0.70885E-01  0.40820E-01  0.11505E-01 
  0.54700E+03  0.00000E+00  0.41099E-06  0.40209E-01  0.78709E-01  0.91964E-01  0.99861E-01  0.10553E+00  0.98033E-01  0.70885E-01  0.40820E-01  0.11505E-01 
  0.54800E+03  0.00000E+00  0.17822E-02  0.41068E-01  0.78709E-01  0.91964E-01  0.99861E-01  0.10553E+00  0.98033E-01  0.70885E-01  0.40820E-01  0.11505E-01 
  0.54900E+03  0.00000E+00  0.35205E-02  0.41903E-01  0.78709E-01  0.91964E-01  0.99861E-01  0.10553E+00  0.98033E-01  0.70885E-01  0.40820E-01  0.11505E-01 
  0.55000E+03  0.00000E+00  0.52158E-02  0.42716E-01  0.78709E-01  0.91964E-01  0.99861E-01  0.10553E+00  0.98033E-01  0.70885E-01  0.40820E-01  0.11505E-01 
  0.55100E+03  0.00000E+00  0.68692E-02  0.43507E-01  0.78709E-01  0.91964E-01  0.99861E-01  0.10553E+00  0.98033E-01  0.70885E-01  0.40820E-01  0.11505E-01 
  0.55200E+03  0.00000E+00  0.84818E-02  0.44277E-01  0.78709E-01  0.91964E-01  0.99861E-01  0.10553E+00  0.98033E-01  0.70885E-01  0.40820E-01  0.11505E-01 
  0.55300E+03  0.00000E+00  0.10055E-01  0.45026E-01  0.78709E-01  0.91964E-01  0.99861E-01  0.10553E+00  0.98033E-01  0.70885E-01  0.40820E-01  0.11505E-01 
  0.55400E+03  0.00000E+00  0.11589E-01  0.45756E-01  0.78709E-01  0.91964E-01  0.99861E-01  0.10553E+00  0.98033E-01  0.70885E-01  0.40820E-01  0.11505E-01 
  0.55500E+03  0.00000E+00  0.13085E-01  0.46466E-01  0.78709E-01  0.91964E-01  0.99861E-01  0.10553E+00  0.98033E-01  0.70885E-01  0.40820E-01  0.11505E-01 
  0.55600E+03  0.00000E+00  0.14544E-01  0.47157E-01  0.78709E-01  0.91964E-01  0.99861E-01  0.10553E+00  0.98033E-01  0.70885E-01  0.40820E-01  0.11505E-01 
  0.55700E+03  0.00000E+00  0.15967E-01  0.47830E-01  0.78709E-01  0.91964E-01  0.99861E-01  0.10553E+00  0.98033E-01  0.70885E-01  0.40820E-01  0.11505E-01 
  0.55800E+03  0.00000E+00  0.17355E-01  0.48485E-01  0.78709E-01  0.91964E-01  0.99861E-01  0.10553E+00  0.98033E-01  0.70885E-01  0.40820E-01  0.11505E-01 
  0.55900E+03  0.00000E+00  0.18708E-01  0.49122E-01  0.78709E-01  0.91964E-01  0.99861E-01  0.10553E+00  0.98033E-01  0.70885E-01  0.40820E-01  0.11505E-01 
  0.56000E+03  0.00000E+00  0.20029E-01  0.49742E-01  0.78709E-01  0.91964E-01  0.99861E-01  0.10553E+00  0.98033E-01  0.70885E-01  0.40820E-01  0.11505E-01 
  0.56100E+03  0.00000E+00  0.21316E-01  0.50346E-01  0.78709E-01  0.91964E-01  0.99861E-01  0.10553E+00  0.98033E-01  0.70885E-01  0.40820E-01  0.11505E-01 
  0.56200E+03  0.00000E+00  0.22572E-01  0.50934E-01  0.78709E-01  0.91964E-01  0.99861E-01  0.10553E+00  0.98033E-01  0.70885E-01  0.40820E-01  0.11505E-01 
  0.56300E+03  0.00000E+00  0.23797E-01  0.51506E-01  0.78709E-01  0.91964E-01  0.99861E-01  0.10553E+00  0.98033E-01  0.70885E-01  0.40820E-01  0.11505E-01 
  0.56400E+03  0.00000E+00  0.24992E-01  0.52062E-01  0.78709E-01  0.91964E-01  0.99861E-01  0.10553E+00  0.98033E-01  0.70885E-01  0.40820E-01  0.11505E-01 
  0.56500E+03  0.00000E+00  0.26157E-01  0.52604E-01  0.78709E-01  0.91964E-01  0.99861E-01  0.10553E+00  0.98033E-01  0.70885E-01  0.40820E-01  0.11505E-01 
  0.56600E+03  0.00000E+00  0.27293E-01  0.53132E-01  0.78709E-01  0.91964E-01  0.99861E-01  0.10553E+00  0.98033E-01  0.70885E-01  0.40820E-01  0.11505E-01 
  0.56700E+03  0.00000E+00  0.28401E-01  0.53645E-01  0.78709E-01  0.91964E-01  0.99861E-01  0.10553E+00  0.98033E-01  0.70885E-01  0.40820E-01  0.11505E-01 
  0.56800E+03  0.00000E+00  0.29482E-01  0.54145E-01  0.78709E-01  0.91964E-01  0.99861E-01  0.10553E+00  0.98033E-01  0.70885E-01  0.40820E-01  0.11505E-01 
  0.56900E+03  0.00000E+00  0.30537E-01  0.54631E-01  0.78709E-01  0.91964E-01  0.99861E-01  0.10553E+00  0.98033E-01  0.70885E-01  0.40820E-01  0.11505E-01 
  0.57000E+03  0.00000E+00  0.31565E-01  0.55105E-01  0.78709E-01  0.91964E-01  0.99861E-01  0.10553E+00  0.98033E-01  0.70885E-01  0.40820E-01  0.11505E-01 
  0.57100E+03  0.00000E+00  0.32568E-01  0.55566E-01  0.78709E-01  0.91964E-01  0.99861E-01  0.10553E+00  0.98033E-01  0.70885E-01  0.40820E-01  0.11505E-01 
  0.57200E+03  0.00000E+00  0.33546E-01  0.56014E-01  0.78709E-01  0.91964E-01  0.99861E-01  0.10553E+00  0.98033E-01  0.70885E-01  0.40820E-01  0.11505E-01 
  0.57300E+03  0.00000E+00  0.34500E-01  0.56451E-01  0.78709E-01  0.91964E-01  0.99861E-01  0.10553E+00  0.98033E-01  0.70885E-01  0.40820E-01  0.11505E-01 
  0.57400E+03  0.00000E+00  0.35431E-01  0.56876E-01  0.78709E-01  0.91964E-01  0.99861E-01  0.10553E+00  0.98033E-01  0.70885E-01  0.40820E-01  0.11505E-01 
  0.57500E+03  0.00000E+00  0.36338E-01  0.57289E-01  0.78709E-01  0.91964E-01  0.99861E-01  0.10553E+00  0.98033E-01  0.70885E-01  0.40820E-01  0.11505E-01 
  0.57600E+03  0.00000E+00  0.37223E-01  0.57692E-01  0.78709E-01  0.91964E-01  0.99861E-01  0.10553E+00  0.98033E-01  0.70885E-01  0.40820E-01  0.11505E-01 
  0.57700E+03  0.35189E-06  0.38085E-01  0.58083E-01  0.78709E-01  0.91964E-01  0.99861E-01  0.10553E+00  0.98033E-01  0.70885E-01  0.40820E-01  0.11505E-01 
  0.57800E+03  0.13722E-02  0.38927E-01  0.58083E-01  0.78709E-01  0.91964E-01  0.99861E-01  0.10553E+00  0.98033E-01  0.70885E-01  0.40820E-01  0.11505E-01 
  0.57900E+03  0.27107E-02  0.39748E-01  0.58083E-01  0.78709E-01  0.91964E-01  0.99861E-01  0.10553E+00  0.98033E-01  0.70885E-01  0.40820E-01  0.11505E-01 
  0.58000E+03  0.40161E-02  0.40549E-01  0.58083E-01  0.78709E-01  0.91964E-01  0.99861E-01  0.10553E+00  0.98033E-01  0.70885E-01  0.40820E-01  0.11505E-01 
  0.58100E+03  0.52892E-02  0.41330E-01  0.58083E-01  0.78709E-01  0.91964E-01  0.99861E-01  0.10553E+00  0.98033E-01  0.70885E-01  0.40820E-01  0.11505E-01 
  0.58200E+03  0.65309E-02  0.42092E-01  0.58083E-01  0.78709E-01  0.91964E-01  0.99861E-01  0.10553E+00  0.98033E-01  0.70885E-01  0.40820E-01  0.11505E-01 
  0.58300E+03  0.77420E-02  0.42835E-01  0.58083E-01  0.78709E-01  0.91964E-01  0.99861E-01  0.10553E+00  0.98033E-01  0.70885E-01  0.40820E-01  0.11505E-01 
  0.58400E+03  0.89232E-02  0.43560E-01  0.58083E-01  0.78709E-01  0.91964E-01  0.99861E-01  0.10553E+00  0.98033E-01  0.70885E-01  0.40820E-01  0.11505E-01 
  0.58500E+03  0.10075E-01  0.44266E-01  0.58083E-01  0.78709E-01  0.91964E-01  0.99861E-01  0.10553E+00  0.98033E-01  0.70885E-01  0.40820E-01  0.11505E-01 
  0.58600E+03  0.11199E-01  0.44956E-01  0.58083E-01  0.78709E-01  0.91964E-01  0.99861E-01  0.10553E+00  0.98033E-01  0.70885E-01  0.40820E-01  0.11505E-01 
  0.58700E+03  0.12294E-01  0.45628E-01  0.58083E-01  0.78709E-01  0.91964E-01  0.99861E-01  0.10553E+00  0.98033E-01  0.70885E-01  0.40820E-01  0.11505E-01 
  0.58800E+03  0.13363E-01  0.46283E-01  0.58083E-01  0.78709E-01  0.91964E-01  0.99861E-01  0.10553E+00  0.98033E-01  0.70885E-01  0.40820E-01  0.11505E-01 
  0.58900E+03  0.14406E-01  0.46923E-01  0.58083E-01  0.78709E-01  0.91964E-01  0.99861E-01  0.10553E+00  0.98033E-01  0.70885E-01  0.40820E-01  0.11505E-01 
  0.59000E+03  0.15422E-01  0.47547E-01  0.58083E-01  0.78709E-01  0.91964E-01  0.99861E-01  0.10553E+00  0.98033E-01  0.70885E-01  0.40820E-01  0.11505E-01 
  0.59100E+03  0.16414E-01  0.48155E-01  0.58083E-01  0.78709E-01  0.91964E-01  0.99861E-01  0.10553E+00  0.98033E-01  0.70885E-01  0.40820E-01  0.11505E-01 
  0.59200E+03  0.17381E-01  0.48748E-01  0.58083E-01  0.78709E-01  0.91964E-01  0.99861E-01  0.10553E+00  0.98033E-01  0.70885E-01  0.40820E-01  0.11505E-01 
  0.59300E+03  0.18324E-01  0.49327E-01  0.58083E-01  0.78709E-01  0.91964E-01  0.99861E-01  0.10553E+00  0.98033E-01  0.70885E-01  0.40820E-01  0.11505E-01 
  0.59400E+03  0.19244E-01  0.49891E-01  0.58083E-01  0.78709E-01  0.91964E-01  0.99861E-01  0.10553E+00  0.98033E-01  0.70885E-01  0.40820E-01  0.11505E-01 
  0.59500E+03  0.20141E-01  0.50441E-01  0.58083E-01  0.78709E-01  0.91964E-01  0.99861E-01  0.10553E+00  0.98033E-01  0.70885E-01  0.40820E-01  0.11505E-01 
  0.59600E+03  0.21016E-01  0.50978E-01  0.58083E-01  0.78709E-01  0.91964E-01  0.99861E-01  0.10553E+00  0.98033E-01  0.70885E-01  0.40820E-01  0.11505E-01 
  0.59700E+03  0.21869E-01  0.51502E-01  0.58083E-01  0.78709E-01  0.91964E-01  0.99861E-01  0.10553E+00  0.98033E-01  0.70885E-01  0.40820E-01  0.11505E-01 
  0.59800E+03  0.22702E-01  0.52012E-01  0.58083E-01  0.78709E-01  0.91964E-01  0.99861E-01  0.10553E+00  0.98033E-01  0.70885E-01  0.40820E-01  0.11505E-01 
  0.59900E+03  0.23513E-01  0.52510E-01  0.58083E-01  0.78709E-01  0.91964E-01  0.99861E-01  0.10553E+00  0.98033E-01  0.70885E-01  0.40820E-01  0.11505E-01 
  0.60000E+03  0.24305E-01  0.52996E-01  0.58083E-01  0.78709E-01  0.91964E-01  0.99861E-01  0.10553E+00  0.98033E-01  0.70885E-01  0.40820E-01  0.11505E-01 
