TITLE = "Xvacc001_1"
VARIABLES = "time" 
 "   1" "   2" "   3" "   4" "   5" "   6" "   7" "   8" "   9" "  10" "  11"
 ZONE T="Xvacc001_1"  F=POINT, I=         601 , J=1, K=1
  0.00000E+00  0.00000E+00  0.00000E+00  0.00000E+00  0.00000E+00  0.00000E+00  0.00000E+00  0.00000E+00  0.00000E+00  0.00000E+00  0.00000E+00  0.00000E+00 
  0.10000E+01  0.00000E+00  0.00000E+00  0.00000E+00  0.00000E+00  0.00000E+00  0.00000E+00  0.00000E+00  0.00000E+00  0.00000E+00  0.00000E+00  0.00000E+00 
  0.20000E+01  0.00000E+00  0.00000E+00  0.00000E+00  0.00000E+00  0.00000E+00  0.00000E+00  0.00000E+00  0.00000E+00  0.00000E+00  0.00000E+00  0.00000E+00 
  0.30000E+01  0.00000E+00  0.00000E+00  0.00000E+00  0.00000E+00  0.00000E+00  0.00000E+00  0.00000E+00  0.00000E+00  0.00000E+00  0.00000E+00  0.00000E+00 
  0.40000E+01  0.00000E+00  0.00000E+00  0.00000E+00  0.00000E+00  0.00000E+00  0.00000E+00  0.00000E+00  0.00000E+00  0.00000E+00  0.00000E+00  0.00000E+00 
  0.50000E+01  0.00000E+00  0.00000E+00  0.00000E+00  0.00000E+00  0.00000E+00  0.00000E+00  0.00000E+00  0.00000E+00  0.00000E+00  0.00000E+00  0.00000E+00 
  0.60000E+01  0.00000E+00  0.00000E+00  0.00000E+00  0.00000E+00  0.00000E+00  0.00000E+00  0.00000E+00  0.00000E+00  0.00000E+00  0.00000E+00  0.00000E+00 
  0.70000E+01  0.00000E+00  0.00000E+00  0.00000E+00  0.00000E+00  0.00000E+00  0.00000E+00  0.00000E+00  0.00000E+00  0.00000E+00  0.00000E+00  0.00000E+00 
  0.80000E+01  0.00000E+00  0.00000E+00  0.00000E+00  0.00000E+00  0.00000E+00  0.00000E+00  0.00000E+00  0.00000E+00  0.00000E+00  0.00000E+00  0.00000E+00 
  0.90000E+01  0.00000E+00  0.00000E+00  0.00000E+00  0.00000E+00  0.00000E+00  0.00000E+00  0.00000E+00  0.00000E+00  0.00000E+00  0.00000E+00  0.00000E+00 
  0.10000E+02  0.00000E+00  0.00000E+00  0.00000E+00  0.00000E+00  0.00000E+00  0.00000E+00  0.00000E+00  0.00000E+00  0.00000E+00  0.00000E+00  0.00000E+00 
  0.11000E+02  0.00000E+00  0.00000E+00  0.00000E+00  0.00000E+00  0.00000E+00  0.00000E+00  0.00000E+00  0.00000E+00  0.00000E+00  0.00000E+00  0.00000E+00 
  0.12000E+02  0.00000E+00  0.00000E+00  0.00000E+00  0.00000E+00  0.00000E+00  0.00000E+00  0.00000E+00  0.00000E+00  0.00000E+00  0.00000E+00  0.00000E+00 
  0.13000E+02  0.00000E+00  0.00000E+00  0.00000E+00  0.00000E+00  0.00000E+00  0.00000E+00  0.00000E+00  0.00000E+00  0.00000E+00  0.00000E+00  0.00000E+00 
  0.14000E+02  0.00000E+00  0.00000E+00  0.00000E+00  0.00000E+00  0.00000E+00  0.00000E+00  0.00000E+00  0.00000E+00  0.00000E+00  0.00000E+00  0.00000E+00 
  0.15000E+02  0.00000E+00  0.00000E+00  0.00000E+00  0.00000E+00  0.00000E+00  0.00000E+00  0.00000E+00  0.00000E+00  0.00000E+00  0.00000E+00  0.00000E+00 
  0.16000E+02  0.00000E+00  0.00000E+00  0.00000E+00  0.00000E+00  0.00000E+00  0.00000E+00  0.00000E+00  0.00000E+00  0.00000E+00  0.00000E+00  0.00000E+00 
  0.17000E+02  0.00000E+00  0.00000E+00  0.00000E+00  0.00000E+00  0.00000E+00  0.00000E+00  0.00000E+00  0.00000E+00  0.00000E+00  0.00000E+00  0.00000E+00 
  0.18000E+02  0.00000E+00  0.00000E+00  0.00000E+00  0.00000E+00  0.00000E+00  0.00000E+00  0.00000E+00  0.00000E+00  0.00000E+00  0.00000E+00  0.00000E+00 
  0.19000E+02  0.00000E+00  0.00000E+00  0.00000E+00  0.00000E+00  0.00000E+00  0.00000E+00  0.00000E+00  0.00000E+00  0.00000E+00  0.00000E+00  0.00000E+00 
  0.20000E+02  0.00000E+00  0.00000E+00  0.00000E+00  0.00000E+00  0.00000E+00  0.00000E+00  0.00000E+00  0.00000E+00  0.00000E+00  0.00000E+00  0.00000E+00 
  0.21000E+02  0.00000E+00  0.00000E+00  0.00000E+00  0.00000E+00  0.00000E+00  0.00000E+00  0.00000E+00  0.00000E+00  0.00000E+00  0.00000E+00  0.00000E+00 
  0.22000E+02  0.00000E+00  0.00000E+00  0.00000E+00  0.00000E+00  0.00000E+00  0.00000E+00  0.00000E+00  0.00000E+00  0.00000E+00  0.00000E+00  0.00000E+00 
  0.23000E+02  0.00000E+00  0.00000E+00  0.00000E+00  0.00000E+00  0.00000E+00  0.00000E+00  0.00000E+00  0.00000E+00  0.00000E+00  0.00000E+00  0.00000E+00 
  0.24000E+02  0.00000E+00  0.00000E+00  0.00000E+00  0.00000E+00  0.00000E+00  0.00000E+00  0.00000E+00  0.00000E+00  0.00000E+00  0.00000E+00  0.00000E+00 
  0.25000E+02  0.00000E+00  0.00000E+00  0.00000E+00  0.00000E+00  0.00000E+00  0.00000E+00  0.00000E+00  0.00000E+00  0.00000E+00  0.00000E+00  0.00000E+00 
  0.26000E+02  0.00000E+00  0.00000E+00  0.00000E+00  0.00000E+00  0.00000E+00  0.00000E+00  0.00000E+00  0.00000E+00  0.00000E+00  0.00000E+00  0.00000E+00 
  0.27000E+02  0.00000E+00  0.00000E+00  0.00000E+00  0.00000E+00  0.00000E+00  0.00000E+00  0.00000E+00  0.00000E+00  0.00000E+00  0.00000E+00  0.00000E+00 
  0.28000E+02  0.00000E+00  0.00000E+00  0.00000E+00  0.00000E+00  0.00000E+00  0.00000E+00  0.00000E+00  0.00000E+00  0.00000E+00  0.00000E+00  0.00000E+00 
  0.29000E+02  0.00000E+00  0.00000E+00  0.00000E+00  0.00000E+00  0.00000E+00  0.00000E+00  0.00000E+00  0.00000E+00  0.00000E+00  0.00000E+00  0.00000E+00 
  0.30000E+02  0.00000E+00  0.00000E+00  0.00000E+00  0.00000E+00  0.00000E+00  0.00000E+00  0.00000E+00  0.00000E+00  0.00000E+00  0.00000E+00  0.00000E+00 
  0.31000E+02  0.00000E+00  0.00000E+00  0.00000E+00  0.00000E+00  0.00000E+00  0.00000E+00  0.00000E+00  0.00000E+00  0.00000E+00  0.00000E+00  0.00000E+00 
  0.32000E+02  0.00000E+00  0.00000E+00  0.00000E+00  0.00000E+00  0.00000E+00  0.00000E+00  0.00000E+00  0.00000E+00  0.00000E+00  0.00000E+00  0.00000E+00 
  0.33000E+02  0.00000E+00  0.00000E+00  0.00000E+00  0.00000E+00  0.00000E+00  0.00000E+00  0.00000E+00  0.00000E+00  0.00000E+00  0.00000E+00  0.00000E+00 
  0.34000E+02  0.00000E+00  0.00000E+00  0.00000E+00  0.00000E+00  0.00000E+00  0.00000E+00  0.00000E+00  0.00000E+00  0.00000E+00  0.00000E+00  0.00000E+00 
  0.35000E+02  0.00000E+00  0.00000E+00  0.00000E+00  0.00000E+00  0.00000E+00  0.00000E+00  0.00000E+00  0.00000E+00  0.00000E+00  0.00000E+00  0.00000E+00 
  0.36000E+02  0.00000E+00  0.00000E+00  0.00000E+00  0.00000E+00  0.00000E+00  0.00000E+00  0.00000E+00  0.00000E+00  0.00000E+00  0.00000E+00  0.00000E+00 
  0.37000E+02  0.00000E+00  0.00000E+00  0.00000E+00  0.00000E+00  0.00000E+00  0.00000E+00  0.00000E+00  0.00000E+00  0.00000E+00  0.00000E+00  0.00000E+00 
  0.38000E+02  0.00000E+00  0.00000E+00  0.00000E+00  0.00000E+00  0.00000E+00  0.00000E+00  0.00000E+00  0.00000E+00  0.00000E+00  0.00000E+00  0.00000E+00 
  0.39000E+02  0.00000E+00  0.00000E+00  0.00000E+00  0.00000E+00  0.00000E+00  0.00000E+00  0.00000E+00  0.00000E+00  0.00000E+00  0.00000E+00  0.00000E+00 
  0.40000E+02  0.00000E+00  0.00000E+00  0.00000E+00  0.00000E+00  0.00000E+00  0.00000E+00  0.00000E+00  0.00000E+00  0.00000E+00  0.00000E+00  0.00000E+00 
  0.41000E+02  0.00000E+00  0.00000E+00  0.00000E+00  0.00000E+00  0.00000E+00  0.00000E+00  0.00000E+00  0.00000E+00  0.00000E+00  0.00000E+00  0.00000E+00 
  0.42000E+02  0.00000E+00  0.00000E+00  0.00000E+00  0.00000E+00  0.00000E+00  0.00000E+00  0.00000E+00  0.00000E+00  0.00000E+00  0.00000E+00  0.00000E+00 
  0.43000E+02  0.00000E+00  0.00000E+00  0.00000E+00  0.00000E+00  0.00000E+00  0.00000E+00  0.00000E+00  0.00000E+00  0.00000E+00  0.00000E+00  0.00000E+00 
  0.44000E+02  0.00000E+00  0.00000E+00  0.00000E+00  0.00000E+00  0.00000E+00  0.00000E+00  0.00000E+00  0.00000E+00  0.00000E+00  0.00000E+00  0.00000E+00 
  0.45000E+02  0.00000E+00  0.00000E+00  0.00000E+00  0.00000E+00  0.00000E+00  0.00000E+00  0.00000E+00  0.00000E+00  0.00000E+00  0.00000E+00  0.00000E+00 
  0.46000E+02  0.00000E+00  0.00000E+00  0.00000E+00  0.00000E+00  0.00000E+00  0.00000E+00  0.00000E+00  0.00000E+00  0.00000E+00  0.00000E+00  0.00000E+00 
  0.47000E+02  0.00000E+00  0.00000E+00  0.00000E+00  0.00000E+00  0.00000E+00  0.00000E+00  0.00000E+00  0.00000E+00  0.00000E+00  0.00000E+00  0.00000E+00 
  0.48000E+02  0.00000E+00  0.00000E+00  0.00000E+00  0.00000E+00  0.00000E+00  0.00000E+00  0.00000E+00  0.00000E+00  0.00000E+00  0.00000E+00  0.00000E+00 
  0.49000E+02  0.00000E+00  0.00000E+00  0.00000E+00  0.00000E+00  0.00000E+00  0.00000E+00  0.00000E+00  0.00000E+00  0.00000E+00  0.00000E+00  0.00000E+00 
  0.50000E+02  0.00000E+00  0.00000E+00  0.00000E+00  0.00000E+00  0.00000E+00  0.00000E+00  0.00000E+00  0.00000E+00  0.00000E+00  0.00000E+00  0.00000E+00 
  0.51000E+02  0.00000E+00  0.00000E+00  0.00000E+00  0.00000E+00  0.00000E+00  0.00000E+00  0.00000E+00  0.00000E+00  0.00000E+00  0.00000E+00  0.00000E+00 
  0.52000E+02  0.00000E+00  0.00000E+00  0.00000E+00  0.00000E+00  0.00000E+00  0.00000E+00  0.00000E+00  0.00000E+00  0.00000E+00  0.00000E+00  0.00000E+00 
  0.53000E+02  0.00000E+00  0.00000E+00  0.00000E+00  0.00000E+00  0.00000E+00  0.00000E+00  0.00000E+00  0.00000E+00  0.00000E+00  0.00000E+00  0.00000E+00 
  0.54000E+02  0.00000E+00  0.00000E+00  0.00000E+00  0.00000E+00  0.00000E+00  0.00000E+00  0.00000E+00  0.00000E+00  0.00000E+00  0.00000E+00  0.00000E+00 
  0.55000E+02  0.00000E+00  0.00000E+00  0.00000E+00  0.00000E+00  0.00000E+00  0.00000E+00  0.00000E+00  0.00000E+00  0.00000E+00  0.00000E+00  0.00000E+00 
  0.56000E+02  0.00000E+00  0.00000E+00  0.00000E+00  0.00000E+00  0.00000E+00  0.00000E+00  0.00000E+00  0.00000E+00  0.00000E+00  0.00000E+00  0.00000E+00 
  0.57000E+02  0.00000E+00  0.00000E+00  0.00000E+00  0.00000E+00  0.00000E+00  0.00000E+00  0.00000E+00  0.00000E+00  0.00000E+00  0.00000E+00  0.00000E+00 
  0.58000E+02  0.00000E+00  0.00000E+00  0.00000E+00  0.00000E+00  0.00000E+00  0.00000E+00  0.00000E+00  0.00000E+00  0.00000E+00  0.00000E+00  0.00000E+00 
  0.59000E+02  0.00000E+00  0.00000E+00  0.00000E+00  0.00000E+00  0.00000E+00  0.00000E+00  0.00000E+00  0.00000E+00  0.00000E+00  0.00000E+00  0.00000E+00 
  0.60000E+02  0.00000E+00  0.00000E+00  0.00000E+00  0.00000E+00  0.00000E+00  0.00000E+00  0.00000E+00  0.00000E+00  0.00000E+00  0.00000E+00  0.00000E+00 
  0.61000E+02  0.00000E+00  0.00000E+00  0.00000E+00  0.00000E+00  0.00000E+00  0.00000E+00  0.00000E+00  0.00000E+00  0.00000E+00  0.00000E+00  0.00000E+00 
  0.62000E+02  0.00000E+00  0.00000E+00  0.00000E+00  0.00000E+00  0.00000E+00  0.00000E+00  0.00000E+00  0.00000E+00  0.00000E+00  0.00000E+00  0.00000E+00 
  0.63000E+02  0.00000E+00  0.00000E+00  0.00000E+00  0.00000E+00  0.00000E+00  0.00000E+00  0.00000E+00  0.00000E+00  0.00000E+00  0.00000E+00  0.00000E+00 
  0.64000E+02  0.00000E+00  0.00000E+00  0.00000E+00  0.00000E+00  0.00000E+00  0.00000E+00  0.00000E+00  0.00000E+00  0.00000E+00  0.00000E+00  0.00000E+00 
  0.65000E+02  0.00000E+00  0.00000E+00  0.00000E+00  0.00000E+00  0.00000E+00  0.00000E+00  0.00000E+00  0.00000E+00  0.00000E+00  0.00000E+00  0.00000E+00 
  0.66000E+02  0.00000E+00  0.00000E+00  0.00000E+00  0.00000E+00  0.00000E+00  0.00000E+00  0.00000E+00  0.00000E+00  0.00000E+00  0.00000E+00  0.00000E+00 
  0.67000E+02  0.00000E+00  0.00000E+00  0.00000E+00  0.00000E+00  0.00000E+00  0.00000E+00  0.00000E+00  0.00000E+00  0.00000E+00  0.00000E+00  0.00000E+00 
  0.68000E+02  0.00000E+00  0.00000E+00  0.00000E+00  0.00000E+00  0.00000E+00  0.00000E+00  0.00000E+00  0.00000E+00  0.00000E+00  0.00000E+00  0.00000E+00 
  0.69000E+02  0.00000E+00  0.00000E+00  0.00000E+00  0.00000E+00  0.00000E+00  0.00000E+00  0.00000E+00  0.00000E+00  0.00000E+00  0.00000E+00  0.00000E+00 
  0.70000E+02  0.00000E+00  0.00000E+00  0.00000E+00  0.00000E+00  0.00000E+00  0.00000E+00  0.00000E+00  0.00000E+00  0.00000E+00  0.00000E+00  0.00000E+00 
  0.71000E+02  0.00000E+00  0.00000E+00  0.00000E+00  0.00000E+00  0.00000E+00  0.00000E+00  0.00000E+00  0.00000E+00  0.00000E+00  0.00000E+00  0.00000E+00 
  0.72000E+02  0.00000E+00  0.00000E+00  0.00000E+00  0.00000E+00  0.00000E+00  0.00000E+00  0.00000E+00  0.00000E+00  0.00000E+00  0.00000E+00  0.00000E+00 
  0.73000E+02  0.00000E+00  0.00000E+00  0.00000E+00  0.00000E+00  0.00000E+00  0.00000E+00  0.00000E+00  0.00000E+00  0.00000E+00  0.00000E+00  0.00000E+00 
  0.74000E+02  0.00000E+00  0.00000E+00  0.00000E+00  0.00000E+00  0.00000E+00  0.00000E+00  0.00000E+00  0.00000E+00  0.00000E+00  0.00000E+00  0.00000E+00 
  0.75000E+02  0.00000E+00  0.00000E+00  0.00000E+00  0.00000E+00  0.00000E+00  0.00000E+00  0.00000E+00  0.00000E+00  0.00000E+00  0.00000E+00  0.00000E+00 
  0.76000E+02  0.00000E+00  0.00000E+00  0.00000E+00  0.00000E+00  0.00000E+00  0.00000E+00  0.00000E+00  0.00000E+00  0.00000E+00  0.00000E+00  0.00000E+00 
  0.77000E+02  0.00000E+00  0.00000E+00  0.00000E+00  0.00000E+00  0.00000E+00  0.00000E+00  0.00000E+00  0.00000E+00  0.00000E+00  0.00000E+00  0.00000E+00 
  0.78000E+02  0.00000E+00  0.00000E+00  0.00000E+00  0.00000E+00  0.00000E+00  0.00000E+00  0.00000E+00  0.00000E+00  0.00000E+00  0.00000E+00  0.00000E+00 
  0.79000E+02  0.00000E+00  0.00000E+00  0.00000E+00  0.00000E+00  0.00000E+00  0.00000E+00  0.00000E+00  0.00000E+00  0.00000E+00  0.00000E+00  0.00000E+00 
  0.80000E+02  0.00000E+00  0.00000E+00  0.00000E+00  0.00000E+00  0.00000E+00  0.00000E+00  0.00000E+00  0.00000E+00  0.00000E+00  0.00000E+00  0.00000E+00 
  0.81000E+02  0.00000E+00  0.00000E+00  0.00000E+00  0.00000E+00  0.00000E+00  0.00000E+00  0.00000E+00  0.00000E+00  0.00000E+00  0.00000E+00  0.00000E+00 
  0.82000E+02  0.00000E+00  0.00000E+00  0.00000E+00  0.00000E+00  0.00000E+00  0.00000E+00  0.00000E+00  0.00000E+00  0.00000E+00  0.00000E+00  0.00000E+00 
  0.83000E+02  0.00000E+00  0.00000E+00  0.00000E+00  0.00000E+00  0.00000E+00  0.00000E+00  0.00000E+00  0.00000E+00  0.00000E+00  0.00000E+00  0.00000E+00 
  0.84000E+02  0.00000E+00  0.00000E+00  0.00000E+00  0.00000E+00  0.00000E+00  0.00000E+00  0.00000E+00  0.00000E+00  0.00000E+00  0.00000E+00  0.00000E+00 
  0.85000E+02  0.00000E+00  0.00000E+00  0.00000E+00  0.00000E+00  0.00000E+00  0.00000E+00  0.00000E+00  0.00000E+00  0.00000E+00  0.00000E+00  0.00000E+00 
  0.86000E+02  0.00000E+00  0.00000E+00  0.00000E+00  0.00000E+00  0.00000E+00  0.00000E+00  0.00000E+00  0.00000E+00  0.00000E+00  0.00000E+00  0.00000E+00 
  0.87000E+02  0.00000E+00  0.00000E+00  0.00000E+00  0.00000E+00  0.00000E+00  0.00000E+00  0.00000E+00  0.00000E+00  0.00000E+00  0.00000E+00  0.00000E+00 
  0.88000E+02  0.00000E+00  0.00000E+00  0.00000E+00  0.00000E+00  0.00000E+00  0.00000E+00  0.00000E+00  0.00000E+00  0.00000E+00  0.00000E+00  0.00000E+00 
  0.89000E+02  0.00000E+00  0.00000E+00  0.00000E+00  0.00000E+00  0.00000E+00  0.00000E+00  0.00000E+00  0.00000E+00  0.00000E+00  0.00000E+00  0.00000E+00 
  0.90000E+02  0.00000E+00  0.00000E+00  0.00000E+00  0.00000E+00  0.00000E+00  0.00000E+00  0.00000E+00  0.00000E+00  0.00000E+00  0.00000E+00  0.00000E+00 
  0.91000E+02  0.00000E+00  0.00000E+00  0.00000E+00  0.00000E+00  0.00000E+00  0.00000E+00  0.00000E+00  0.00000E+00  0.00000E+00  0.00000E+00  0.00000E+00 
  0.92000E+02  0.00000E+00  0.00000E+00  0.00000E+00  0.00000E+00  0.00000E+00  0.00000E+00  0.00000E+00  0.00000E+00  0.00000E+00  0.00000E+00  0.00000E+00 
  0.93000E+02  0.00000E+00  0.00000E+00  0.00000E+00  0.00000E+00  0.00000E+00  0.00000E+00  0.00000E+00  0.00000E+00  0.00000E+00  0.00000E+00  0.00000E+00 
  0.94000E+02  0.00000E+00  0.00000E+00  0.00000E+00  0.00000E+00  0.00000E+00  0.00000E+00  0.00000E+00  0.00000E+00  0.00000E+00  0.00000E+00  0.00000E+00 
  0.95000E+02  0.00000E+00  0.00000E+00  0.00000E+00  0.00000E+00  0.00000E+00  0.00000E+00  0.00000E+00  0.00000E+00  0.00000E+00  0.00000E+00  0.00000E+00 
  0.96000E+02  0.00000E+00  0.00000E+00  0.00000E+00  0.00000E+00  0.00000E+00  0.00000E+00  0.00000E+00  0.00000E+00  0.00000E+00  0.00000E+00  0.00000E+00 
  0.97000E+02  0.00000E+00  0.00000E+00  0.00000E+00  0.00000E+00  0.00000E+00  0.00000E+00  0.00000E+00  0.00000E+00  0.00000E+00  0.00000E+00  0.00000E+00 
  0.98000E+02  0.00000E+00  0.00000E+00  0.00000E+00  0.00000E+00  0.00000E+00  0.00000E+00  0.00000E+00  0.00000E+00  0.00000E+00  0.00000E+00  0.00000E+00 
  0.99000E+02  0.00000E+00  0.00000E+00  0.00000E+00  0.00000E+00  0.00000E+00  0.00000E+00  0.00000E+00  0.00000E+00  0.00000E+00  0.00000E+00  0.00000E+00 
  0.10000E+03  0.00000E+00  0.00000E+00  0.00000E+00  0.00000E+00  0.00000E+00  0.00000E+00  0.00000E+00  0.00000E+00  0.00000E+00  0.00000E+00  0.00000E+00 
  0.10100E+03  0.00000E+00  0.00000E+00  0.00000E+00  0.00000E+00  0.00000E+00  0.00000E+00  0.00000E+00  0.00000E+00  0.00000E+00  0.00000E+00  0.00000E+00 
  0.10200E+03  0.00000E+00  0.00000E+00  0.00000E+00  0.00000E+00  0.00000E+00  0.00000E+00  0.00000E+00  0.00000E+00  0.00000E+00  0.00000E+00  0.00000E+00 
  0.10300E+03  0.00000E+00  0.00000E+00  0.00000E+00  0.00000E+00  0.00000E+00  0.00000E+00  0.00000E+00  0.00000E+00  0.00000E+00  0.00000E+00  0.00000E+00 
  0.10400E+03  0.00000E+00  0.00000E+00  0.00000E+00  0.00000E+00  0.00000E+00  0.00000E+00  0.00000E+00  0.00000E+00  0.00000E+00  0.00000E+00  0.00000E+00 
  0.10500E+03  0.00000E+00  0.00000E+00  0.00000E+00  0.00000E+00  0.00000E+00  0.00000E+00  0.00000E+00  0.00000E+00  0.00000E+00  0.00000E+00  0.00000E+00 
  0.10600E+03  0.00000E+00  0.00000E+00  0.00000E+00  0.00000E+00  0.00000E+00  0.00000E+00  0.00000E+00  0.00000E+00  0.00000E+00  0.00000E+00  0.00000E+00 
  0.10700E+03  0.00000E+00  0.00000E+00  0.00000E+00  0.00000E+00  0.00000E+00  0.00000E+00  0.00000E+00  0.00000E+00  0.00000E+00  0.00000E+00  0.00000E+00 
  0.10800E+03  0.00000E+00  0.00000E+00  0.00000E+00  0.00000E+00  0.00000E+00  0.00000E+00  0.00000E+00  0.00000E+00  0.00000E+00  0.00000E+00  0.00000E+00 
  0.10900E+03  0.00000E+00  0.00000E+00  0.00000E+00  0.00000E+00  0.00000E+00  0.00000E+00  0.00000E+00  0.00000E+00  0.00000E+00  0.00000E+00  0.00000E+00 
  0.11000E+03  0.00000E+00  0.00000E+00  0.00000E+00  0.00000E+00  0.00000E+00  0.00000E+00  0.00000E+00  0.00000E+00  0.00000E+00  0.00000E+00  0.00000E+00 
  0.11100E+03  0.00000E+00  0.00000E+00  0.00000E+00  0.00000E+00  0.00000E+00  0.00000E+00  0.00000E+00  0.00000E+00  0.00000E+00  0.00000E+00  0.00000E+00 
  0.11200E+03  0.00000E+00  0.00000E+00  0.00000E+00  0.00000E+00  0.00000E+00  0.00000E+00  0.00000E+00  0.00000E+00  0.00000E+00  0.00000E+00  0.00000E+00 
  0.11300E+03  0.00000E+00  0.00000E+00  0.00000E+00  0.00000E+00  0.00000E+00  0.00000E+00  0.00000E+00  0.00000E+00  0.00000E+00  0.00000E+00  0.00000E+00 
  0.11400E+03  0.00000E+00  0.00000E+00  0.00000E+00  0.00000E+00  0.00000E+00  0.00000E+00  0.00000E+00  0.00000E+00  0.00000E+00  0.00000E+00  0.00000E+00 
  0.11500E+03  0.00000E+00  0.00000E+00  0.00000E+00  0.00000E+00  0.00000E+00  0.00000E+00  0.00000E+00  0.00000E+00  0.00000E+00  0.00000E+00  0.00000E+00 
  0.11600E+03  0.00000E+00  0.00000E+00  0.00000E+00  0.00000E+00  0.00000E+00  0.00000E+00  0.00000E+00  0.00000E+00  0.00000E+00  0.00000E+00  0.00000E+00 
  0.11700E+03  0.00000E+00  0.00000E+00  0.00000E+00  0.00000E+00  0.00000E+00  0.00000E+00  0.00000E+00  0.00000E+00  0.00000E+00  0.00000E+00  0.00000E+00 
  0.11800E+03  0.00000E+00  0.00000E+00  0.00000E+00  0.00000E+00  0.00000E+00  0.00000E+00  0.00000E+00  0.00000E+00  0.00000E+00  0.00000E+00  0.00000E+00 
  0.11900E+03  0.00000E+00  0.00000E+00  0.00000E+00  0.00000E+00  0.00000E+00  0.00000E+00  0.00000E+00  0.00000E+00  0.00000E+00  0.00000E+00  0.00000E+00 
  0.12000E+03  0.00000E+00  0.00000E+00  0.00000E+00  0.00000E+00  0.00000E+00  0.00000E+00  0.00000E+00  0.00000E+00  0.00000E+00  0.00000E+00  0.00000E+00 
  0.12100E+03  0.00000E+00  0.00000E+00  0.00000E+00  0.00000E+00  0.00000E+00  0.00000E+00  0.00000E+00  0.00000E+00  0.00000E+00  0.00000E+00  0.00000E+00 
  0.12200E+03  0.00000E+00  0.00000E+00  0.00000E+00  0.00000E+00  0.00000E+00  0.00000E+00  0.00000E+00  0.00000E+00  0.00000E+00  0.00000E+00  0.00000E+00 
  0.12300E+03  0.00000E+00  0.00000E+00  0.00000E+00  0.00000E+00  0.00000E+00  0.00000E+00  0.00000E+00  0.00000E+00  0.00000E+00  0.00000E+00  0.00000E+00 
  0.12400E+03  0.00000E+00  0.00000E+00  0.00000E+00  0.00000E+00  0.00000E+00  0.00000E+00  0.00000E+00  0.00000E+00  0.00000E+00  0.00000E+00  0.00000E+00 
  0.12500E+03  0.00000E+00  0.00000E+00  0.00000E+00  0.00000E+00  0.00000E+00  0.00000E+00  0.00000E+00  0.00000E+00  0.00000E+00  0.00000E+00  0.00000E+00 
  0.12600E+03  0.00000E+00  0.00000E+00  0.00000E+00  0.00000E+00  0.00000E+00  0.00000E+00  0.00000E+00  0.00000E+00  0.00000E+00  0.00000E+00  0.00000E+00 
  0.12700E+03  0.00000E+00  0.00000E+00  0.00000E+00  0.00000E+00  0.00000E+00  0.00000E+00  0.00000E+00  0.00000E+00  0.00000E+00  0.00000E+00  0.00000E+00 
  0.12800E+03  0.00000E+00  0.00000E+00  0.00000E+00  0.00000E+00  0.00000E+00  0.00000E+00  0.00000E+00  0.00000E+00  0.00000E+00  0.00000E+00  0.00000E+00 
  0.12900E+03  0.00000E+00  0.00000E+00  0.00000E+00  0.00000E+00  0.00000E+00  0.00000E+00  0.00000E+00  0.00000E+00  0.00000E+00  0.00000E+00  0.00000E+00 
  0.13000E+03  0.00000E+00  0.00000E+00  0.00000E+00  0.00000E+00  0.00000E+00  0.00000E+00  0.00000E+00  0.00000E+00  0.00000E+00  0.00000E+00  0.00000E+00 
  0.13100E+03  0.00000E+00  0.00000E+00  0.00000E+00  0.00000E+00  0.00000E+00  0.00000E+00  0.00000E+00  0.00000E+00  0.00000E+00  0.00000E+00  0.00000E+00 
  0.13200E+03  0.00000E+00  0.00000E+00  0.00000E+00  0.00000E+00  0.00000E+00  0.00000E+00  0.00000E+00  0.00000E+00  0.00000E+00  0.00000E+00  0.00000E+00 
  0.13300E+03  0.00000E+00  0.00000E+00  0.00000E+00  0.00000E+00  0.00000E+00  0.00000E+00  0.00000E+00  0.00000E+00  0.00000E+00  0.00000E+00  0.00000E+00 
  0.13400E+03  0.00000E+00  0.00000E+00  0.00000E+00  0.00000E+00  0.00000E+00  0.00000E+00  0.00000E+00  0.00000E+00  0.00000E+00  0.00000E+00  0.00000E+00 
  0.13500E+03  0.00000E+00  0.00000E+00  0.00000E+00  0.00000E+00  0.00000E+00  0.00000E+00  0.00000E+00  0.00000E+00  0.00000E+00  0.00000E+00  0.00000E+00 
  0.13600E+03  0.00000E+00  0.00000E+00  0.00000E+00  0.00000E+00  0.00000E+00  0.00000E+00  0.00000E+00  0.00000E+00  0.00000E+00  0.00000E+00  0.00000E+00 
  0.13700E+03  0.00000E+00  0.00000E+00  0.00000E+00  0.00000E+00  0.00000E+00  0.00000E+00  0.00000E+00  0.00000E+00  0.00000E+00  0.00000E+00  0.00000E+00 
  0.13800E+03  0.00000E+00  0.00000E+00  0.00000E+00  0.00000E+00  0.00000E+00  0.00000E+00  0.00000E+00  0.00000E+00  0.00000E+00  0.00000E+00  0.00000E+00 
  0.13900E+03  0.00000E+00  0.00000E+00  0.00000E+00  0.00000E+00  0.00000E+00  0.00000E+00  0.00000E+00  0.00000E+00  0.00000E+00  0.00000E+00  0.00000E+00 
  0.14000E+03  0.00000E+00  0.00000E+00  0.00000E+00  0.00000E+00  0.00000E+00  0.00000E+00  0.00000E+00  0.00000E+00  0.00000E+00  0.00000E+00  0.00000E+00 
  0.14100E+03  0.00000E+00  0.00000E+00  0.00000E+00  0.00000E+00  0.00000E+00  0.00000E+00  0.00000E+00  0.00000E+00  0.00000E+00  0.00000E+00  0.00000E+00 
  0.14200E+03  0.00000E+00  0.00000E+00  0.00000E+00  0.00000E+00  0.00000E+00  0.00000E+00  0.00000E+00  0.00000E+00  0.00000E+00  0.00000E+00  0.00000E+00 
  0.14300E+03  0.00000E+00  0.00000E+00  0.00000E+00  0.00000E+00  0.00000E+00  0.00000E+00  0.00000E+00  0.00000E+00  0.00000E+00  0.00000E+00  0.00000E+00 
  0.14400E+03  0.00000E+00  0.00000E+00  0.00000E+00  0.00000E+00  0.00000E+00  0.00000E+00  0.00000E+00  0.00000E+00  0.00000E+00  0.00000E+00  0.00000E+00 
  0.14500E+03  0.00000E+00  0.00000E+00  0.00000E+00  0.00000E+00  0.00000E+00  0.00000E+00  0.00000E+00  0.00000E+00  0.00000E+00  0.00000E+00  0.00000E+00 
  0.14600E+03  0.00000E+00  0.00000E+00  0.00000E+00  0.00000E+00  0.00000E+00  0.00000E+00  0.00000E+00  0.00000E+00  0.00000E+00  0.00000E+00  0.00000E+00 
  0.14700E+03  0.00000E+00  0.00000E+00  0.00000E+00  0.00000E+00  0.00000E+00  0.00000E+00  0.00000E+00  0.00000E+00  0.00000E+00  0.00000E+00  0.00000E+00 
  0.14800E+03  0.00000E+00  0.00000E+00  0.00000E+00  0.00000E+00  0.00000E+00  0.00000E+00  0.00000E+00  0.00000E+00  0.00000E+00  0.00000E+00  0.00000E+00 
  0.14900E+03  0.00000E+00  0.00000E+00  0.00000E+00  0.00000E+00  0.00000E+00  0.00000E+00  0.00000E+00  0.00000E+00  0.00000E+00  0.00000E+00  0.00000E+00 
  0.15000E+03  0.00000E+00  0.00000E+00  0.00000E+00  0.00000E+00  0.00000E+00  0.00000E+00  0.00000E+00  0.00000E+00  0.00000E+00  0.00000E+00  0.00000E+00 
  0.15100E+03  0.00000E+00  0.00000E+00  0.00000E+00  0.00000E+00  0.00000E+00  0.00000E+00  0.00000E+00  0.00000E+00  0.00000E+00  0.00000E+00  0.00000E+00 
  0.15200E+03  0.00000E+00  0.00000E+00  0.00000E+00  0.00000E+00  0.00000E+00  0.00000E+00  0.00000E+00  0.00000E+00  0.00000E+00  0.00000E+00  0.00000E+00 
  0.15300E+03  0.00000E+00  0.00000E+00  0.00000E+00  0.00000E+00  0.00000E+00  0.00000E+00  0.00000E+00  0.00000E+00  0.00000E+00  0.00000E+00  0.00000E+00 
  0.15400E+03  0.00000E+00  0.00000E+00  0.00000E+00  0.00000E+00  0.00000E+00  0.00000E+00  0.00000E+00  0.00000E+00  0.00000E+00  0.00000E+00  0.00000E+00 
  0.15500E+03  0.00000E+00  0.00000E+00  0.00000E+00  0.00000E+00  0.00000E+00  0.00000E+00  0.00000E+00  0.00000E+00  0.00000E+00  0.00000E+00  0.00000E+00 
  0.15600E+03  0.00000E+00  0.00000E+00  0.00000E+00  0.00000E+00  0.00000E+00  0.00000E+00  0.00000E+00  0.00000E+00  0.00000E+00  0.00000E+00  0.00000E+00 
  0.15700E+03  0.00000E+00  0.00000E+00  0.00000E+00  0.00000E+00  0.00000E+00  0.00000E+00  0.00000E+00  0.00000E+00  0.00000E+00  0.00000E+00  0.00000E+00 
  0.15800E+03  0.00000E+00  0.00000E+00  0.00000E+00  0.00000E+00  0.00000E+00  0.00000E+00  0.00000E+00  0.00000E+00  0.00000E+00  0.00000E+00  0.00000E+00 
  0.15900E+03  0.00000E+00  0.00000E+00  0.00000E+00  0.00000E+00  0.00000E+00  0.00000E+00  0.00000E+00  0.00000E+00  0.00000E+00  0.00000E+00  0.00000E+00 
  0.16000E+03  0.00000E+00  0.00000E+00  0.00000E+00  0.00000E+00  0.00000E+00  0.00000E+00  0.00000E+00  0.00000E+00  0.00000E+00  0.00000E+00  0.00000E+00 
  0.16100E+03  0.00000E+00  0.00000E+00  0.00000E+00  0.00000E+00  0.00000E+00  0.00000E+00  0.00000E+00  0.00000E+00  0.00000E+00  0.00000E+00  0.00000E+00 
  0.16200E+03  0.00000E+00  0.00000E+00  0.00000E+00  0.00000E+00  0.00000E+00  0.00000E+00  0.00000E+00  0.00000E+00  0.00000E+00  0.00000E+00  0.00000E+00 
  0.16300E+03  0.00000E+00  0.00000E+00  0.00000E+00  0.00000E+00  0.00000E+00  0.00000E+00  0.00000E+00  0.00000E+00  0.00000E+00  0.00000E+00  0.00000E+00 
  0.16400E+03  0.00000E+00  0.00000E+00  0.00000E+00  0.00000E+00  0.00000E+00  0.00000E+00  0.00000E+00  0.00000E+00  0.00000E+00  0.00000E+00  0.00000E+00 
  0.16500E+03  0.00000E+00  0.00000E+00  0.00000E+00  0.00000E+00  0.00000E+00  0.00000E+00  0.00000E+00  0.00000E+00  0.00000E+00  0.00000E+00  0.00000E+00 
  0.16600E+03  0.00000E+00  0.00000E+00  0.00000E+00  0.00000E+00  0.00000E+00  0.00000E+00  0.00000E+00  0.00000E+00  0.00000E+00  0.00000E+00  0.00000E+00 
  0.16700E+03  0.00000E+00  0.00000E+00  0.00000E+00  0.00000E+00  0.00000E+00  0.00000E+00  0.00000E+00  0.00000E+00  0.00000E+00  0.00000E+00  0.00000E+00 
  0.16800E+03  0.00000E+00  0.00000E+00  0.00000E+00  0.00000E+00  0.00000E+00  0.00000E+00  0.00000E+00  0.00000E+00  0.00000E+00  0.00000E+00  0.00000E+00 
  0.16900E+03  0.00000E+00  0.00000E+00  0.00000E+00  0.00000E+00  0.00000E+00  0.00000E+00  0.00000E+00  0.00000E+00  0.00000E+00  0.00000E+00  0.00000E+00 
  0.17000E+03  0.00000E+00  0.00000E+00  0.00000E+00  0.00000E+00  0.00000E+00  0.00000E+00  0.00000E+00  0.00000E+00  0.00000E+00  0.00000E+00  0.00000E+00 
  0.17100E+03  0.00000E+00  0.00000E+00  0.00000E+00  0.00000E+00  0.00000E+00  0.00000E+00  0.00000E+00  0.00000E+00  0.00000E+00  0.00000E+00  0.00000E+00 
  0.17200E+03  0.00000E+00  0.00000E+00  0.00000E+00  0.00000E+00  0.00000E+00  0.00000E+00  0.00000E+00  0.00000E+00  0.00000E+00  0.00000E+00  0.00000E+00 
  0.17300E+03  0.00000E+00  0.00000E+00  0.00000E+00  0.00000E+00  0.00000E+00  0.00000E+00  0.00000E+00  0.00000E+00  0.00000E+00  0.00000E+00  0.00000E+00 
  0.17400E+03  0.00000E+00  0.00000E+00  0.00000E+00  0.00000E+00  0.00000E+00  0.00000E+00  0.00000E+00  0.00000E+00  0.00000E+00  0.00000E+00  0.00000E+00 
  0.17500E+03  0.00000E+00  0.00000E+00  0.00000E+00  0.00000E+00  0.00000E+00  0.00000E+00  0.00000E+00  0.00000E+00  0.00000E+00  0.00000E+00  0.00000E+00 
  0.17600E+03  0.00000E+00  0.00000E+00  0.00000E+00  0.00000E+00  0.00000E+00  0.00000E+00  0.00000E+00  0.00000E+00  0.00000E+00  0.00000E+00  0.00000E+00 
  0.17700E+03  0.00000E+00  0.00000E+00  0.00000E+00  0.00000E+00  0.00000E+00  0.00000E+00  0.00000E+00  0.00000E+00  0.00000E+00  0.00000E+00  0.00000E+00 
  0.17800E+03  0.00000E+00  0.00000E+00  0.00000E+00  0.00000E+00  0.00000E+00  0.00000E+00  0.00000E+00  0.00000E+00  0.00000E+00  0.00000E+00  0.00000E+00 
  0.17900E+03  0.00000E+00  0.00000E+00  0.00000E+00  0.00000E+00  0.00000E+00  0.00000E+00  0.00000E+00  0.00000E+00  0.00000E+00  0.00000E+00  0.00000E+00 
  0.18000E+03  0.00000E+00  0.00000E+00  0.00000E+00  0.00000E+00  0.00000E+00  0.00000E+00  0.00000E+00  0.00000E+00  0.00000E+00  0.00000E+00  0.00000E+00 
  0.18100E+03  0.00000E+00  0.00000E+00  0.00000E+00  0.00000E+00  0.00000E+00  0.00000E+00  0.00000E+00  0.00000E+00  0.00000E+00  0.00000E+00  0.00000E+00 
  0.18200E+03  0.00000E+00  0.00000E+00  0.00000E+00  0.00000E+00  0.00000E+00  0.00000E+00  0.00000E+00  0.00000E+00  0.00000E+00  0.00000E+00  0.00000E+00 
  0.18300E+03  0.00000E+00  0.00000E+00  0.00000E+00  0.00000E+00  0.00000E+00  0.00000E+00  0.00000E+00  0.00000E+00  0.00000E+00  0.00000E+00  0.00000E+00 
  0.18400E+03  0.00000E+00  0.00000E+00  0.00000E+00  0.00000E+00  0.00000E+00  0.00000E+00  0.00000E+00  0.00000E+00  0.00000E+00  0.00000E+00  0.00000E+00 
  0.18500E+03  0.00000E+00  0.00000E+00  0.00000E+00  0.00000E+00  0.00000E+00  0.00000E+00  0.00000E+00  0.00000E+00  0.00000E+00  0.00000E+00  0.00000E+00 
  0.18600E+03  0.00000E+00  0.00000E+00  0.00000E+00  0.00000E+00  0.00000E+00  0.00000E+00  0.00000E+00  0.00000E+00  0.00000E+00  0.00000E+00  0.00000E+00 
  0.18700E+03  0.00000E+00  0.00000E+00  0.00000E+00  0.00000E+00  0.00000E+00  0.00000E+00  0.00000E+00  0.00000E+00  0.00000E+00  0.00000E+00  0.00000E+00 
  0.18800E+03  0.00000E+00  0.00000E+00  0.00000E+00  0.00000E+00  0.00000E+00  0.00000E+00  0.00000E+00  0.00000E+00  0.00000E+00  0.00000E+00  0.00000E+00 
  0.18900E+03  0.00000E+00  0.00000E+00  0.00000E+00  0.00000E+00  0.00000E+00  0.00000E+00  0.00000E+00  0.00000E+00  0.00000E+00  0.00000E+00  0.00000E+00 
  0.19000E+03  0.00000E+00  0.00000E+00  0.00000E+00  0.00000E+00  0.00000E+00  0.00000E+00  0.00000E+00  0.00000E+00  0.00000E+00  0.00000E+00  0.00000E+00 
  0.19100E+03  0.00000E+00  0.00000E+00  0.00000E+00  0.00000E+00  0.00000E+00  0.00000E+00  0.00000E+00  0.00000E+00  0.00000E+00  0.00000E+00  0.00000E+00 
  0.19200E+03  0.00000E+00  0.00000E+00  0.00000E+00  0.00000E+00  0.00000E+00  0.00000E+00  0.00000E+00  0.00000E+00  0.00000E+00  0.00000E+00  0.00000E+00 
  0.19300E+03  0.00000E+00  0.00000E+00  0.00000E+00  0.00000E+00  0.00000E+00  0.00000E+00  0.00000E+00  0.00000E+00  0.00000E+00  0.00000E+00  0.00000E+00 
  0.19400E+03  0.00000E+00  0.00000E+00  0.00000E+00  0.00000E+00  0.00000E+00  0.00000E+00  0.00000E+00  0.00000E+00  0.00000E+00  0.00000E+00  0.00000E+00 
  0.19500E+03  0.00000E+00  0.00000E+00  0.00000E+00  0.00000E+00  0.00000E+00  0.00000E+00  0.00000E+00  0.00000E+00  0.00000E+00  0.00000E+00  0.00000E+00 
  0.19600E+03  0.00000E+00  0.00000E+00  0.00000E+00  0.00000E+00  0.00000E+00  0.00000E+00  0.00000E+00  0.00000E+00  0.00000E+00  0.00000E+00  0.00000E+00 
  0.19700E+03  0.00000E+00  0.00000E+00  0.00000E+00  0.00000E+00  0.00000E+00  0.00000E+00  0.00000E+00  0.00000E+00  0.00000E+00  0.00000E+00  0.00000E+00 
  0.19800E+03  0.00000E+00  0.00000E+00  0.00000E+00  0.00000E+00  0.00000E+00  0.00000E+00  0.00000E+00  0.00000E+00  0.00000E+00  0.00000E+00  0.00000E+00 
  0.19900E+03  0.00000E+00  0.00000E+00  0.00000E+00  0.00000E+00  0.00000E+00  0.00000E+00  0.00000E+00  0.00000E+00  0.00000E+00  0.00000E+00  0.00000E+00 
  0.20000E+03  0.00000E+00  0.00000E+00  0.00000E+00  0.00000E+00  0.00000E+00  0.00000E+00  0.00000E+00  0.00000E+00  0.00000E+00  0.00000E+00  0.00000E+00 
  0.20100E+03  0.00000E+00  0.00000E+00  0.00000E+00  0.00000E+00  0.00000E+00  0.00000E+00  0.00000E+00  0.00000E+00  0.00000E+00  0.00000E+00  0.00000E+00 
  0.20200E+03  0.00000E+00  0.00000E+00  0.00000E+00  0.00000E+00  0.00000E+00  0.00000E+00  0.00000E+00  0.00000E+00  0.00000E+00  0.00000E+00  0.00000E+00 
  0.20300E+03  0.00000E+00  0.00000E+00  0.00000E+00  0.00000E+00  0.00000E+00  0.00000E+00  0.00000E+00  0.00000E+00  0.00000E+00  0.00000E+00  0.00000E+00 
  0.20400E+03  0.00000E+00  0.00000E+00  0.00000E+00  0.00000E+00  0.00000E+00  0.00000E+00  0.00000E+00  0.00000E+00  0.00000E+00  0.00000E+00  0.00000E+00 
  0.20500E+03  0.00000E+00  0.00000E+00  0.00000E+00  0.00000E+00  0.00000E+00  0.00000E+00  0.00000E+00  0.00000E+00  0.00000E+00  0.00000E+00  0.00000E+00 
  0.20600E+03  0.00000E+00  0.00000E+00  0.00000E+00  0.00000E+00  0.00000E+00  0.00000E+00  0.00000E+00  0.00000E+00  0.00000E+00  0.00000E+00  0.00000E+00 
  0.20700E+03  0.00000E+00  0.00000E+00  0.00000E+00  0.00000E+00  0.00000E+00  0.00000E+00  0.00000E+00  0.00000E+00  0.00000E+00  0.00000E+00  0.00000E+00 
  0.20800E+03  0.00000E+00  0.00000E+00  0.00000E+00  0.00000E+00  0.00000E+00  0.00000E+00  0.00000E+00  0.00000E+00  0.00000E+00  0.00000E+00  0.00000E+00 
  0.20900E+03  0.00000E+00  0.00000E+00  0.00000E+00  0.00000E+00  0.00000E+00  0.00000E+00  0.00000E+00  0.00000E+00  0.00000E+00  0.00000E+00  0.00000E+00 
  0.21000E+03  0.00000E+00  0.00000E+00  0.00000E+00  0.00000E+00  0.00000E+00  0.00000E+00  0.00000E+00  0.00000E+00  0.00000E+00  0.00000E+00  0.00000E+00 
  0.21100E+03  0.00000E+00  0.00000E+00  0.00000E+00  0.00000E+00  0.00000E+00  0.00000E+00  0.00000E+00  0.00000E+00  0.00000E+00  0.00000E+00  0.00000E+00 
  0.21200E+03  0.00000E+00  0.00000E+00  0.00000E+00  0.00000E+00  0.00000E+00  0.00000E+00  0.00000E+00  0.00000E+00  0.00000E+00  0.00000E+00  0.00000E+00 
  0.21300E+03  0.00000E+00  0.00000E+00  0.00000E+00  0.00000E+00  0.00000E+00  0.00000E+00  0.00000E+00  0.00000E+00  0.00000E+00  0.00000E+00  0.00000E+00 
  0.21400E+03  0.00000E+00  0.00000E+00  0.00000E+00  0.00000E+00  0.00000E+00  0.00000E+00  0.00000E+00  0.00000E+00  0.00000E+00  0.00000E+00  0.00000E+00 
  0.21500E+03  0.00000E+00  0.00000E+00  0.00000E+00  0.00000E+00  0.00000E+00  0.00000E+00  0.00000E+00  0.00000E+00  0.00000E+00  0.00000E+00  0.00000E+00 
  0.21600E+03  0.00000E+00  0.00000E+00  0.00000E+00  0.00000E+00  0.00000E+00  0.00000E+00  0.00000E+00  0.00000E+00  0.00000E+00  0.00000E+00  0.00000E+00 
  0.21700E+03  0.00000E+00  0.00000E+00  0.00000E+00  0.00000E+00  0.00000E+00  0.00000E+00  0.00000E+00  0.00000E+00  0.00000E+00  0.00000E+00  0.00000E+00 
  0.21800E+03  0.00000E+00  0.00000E+00  0.00000E+00  0.00000E+00  0.00000E+00  0.00000E+00  0.00000E+00  0.00000E+00  0.00000E+00  0.00000E+00  0.00000E+00 
  0.21900E+03  0.00000E+00  0.00000E+00  0.00000E+00  0.00000E+00  0.00000E+00  0.00000E+00  0.00000E+00  0.00000E+00  0.00000E+00  0.00000E+00  0.00000E+00 
  0.22000E+03  0.00000E+00  0.00000E+00  0.00000E+00  0.00000E+00  0.00000E+00  0.00000E+00  0.00000E+00  0.00000E+00  0.00000E+00  0.00000E+00  0.00000E+00 
  0.22100E+03  0.00000E+00  0.00000E+00  0.00000E+00  0.00000E+00  0.00000E+00  0.00000E+00  0.00000E+00  0.00000E+00  0.00000E+00  0.00000E+00  0.00000E+00 
  0.22200E+03  0.00000E+00  0.00000E+00  0.00000E+00  0.00000E+00  0.00000E+00  0.00000E+00  0.00000E+00  0.00000E+00  0.00000E+00  0.00000E+00  0.00000E+00 
  0.22300E+03  0.00000E+00  0.00000E+00  0.00000E+00  0.00000E+00  0.00000E+00  0.00000E+00  0.00000E+00  0.00000E+00  0.00000E+00  0.00000E+00  0.00000E+00 
  0.22400E+03  0.00000E+00  0.00000E+00  0.00000E+00  0.00000E+00  0.00000E+00  0.00000E+00  0.00000E+00  0.00000E+00  0.00000E+00  0.00000E+00  0.00000E+00 
  0.22500E+03  0.00000E+00  0.00000E+00  0.00000E+00  0.00000E+00  0.00000E+00  0.00000E+00  0.00000E+00  0.00000E+00  0.00000E+00  0.00000E+00  0.00000E+00 
  0.22600E+03  0.00000E+00  0.00000E+00  0.00000E+00  0.00000E+00  0.00000E+00  0.00000E+00  0.00000E+00  0.00000E+00  0.00000E+00  0.00000E+00  0.00000E+00 
  0.22700E+03  0.00000E+00  0.00000E+00  0.00000E+00  0.00000E+00  0.00000E+00  0.00000E+00  0.00000E+00  0.00000E+00  0.00000E+00  0.00000E+00  0.00000E+00 
  0.22800E+03  0.00000E+00  0.00000E+00  0.00000E+00  0.00000E+00  0.00000E+00  0.00000E+00  0.00000E+00  0.00000E+00  0.00000E+00  0.00000E+00  0.00000E+00 
  0.22900E+03  0.00000E+00  0.00000E+00  0.00000E+00  0.00000E+00  0.00000E+00  0.00000E+00  0.00000E+00  0.00000E+00  0.00000E+00  0.00000E+00  0.00000E+00 
  0.23000E+03  0.00000E+00  0.00000E+00  0.00000E+00  0.00000E+00  0.00000E+00  0.00000E+00  0.00000E+00  0.00000E+00  0.00000E+00  0.00000E+00  0.00000E+00 
  0.23100E+03  0.00000E+00  0.00000E+00  0.00000E+00  0.00000E+00  0.00000E+00  0.00000E+00  0.00000E+00  0.00000E+00  0.00000E+00  0.00000E+00  0.00000E+00 
  0.23200E+03  0.00000E+00  0.00000E+00  0.00000E+00  0.00000E+00  0.00000E+00  0.00000E+00  0.00000E+00  0.00000E+00  0.00000E+00  0.00000E+00  0.00000E+00 
  0.23300E+03  0.00000E+00  0.00000E+00  0.00000E+00  0.00000E+00  0.00000E+00  0.00000E+00  0.00000E+00  0.00000E+00  0.00000E+00  0.00000E+00  0.00000E+00 
  0.23400E+03  0.00000E+00  0.00000E+00  0.00000E+00  0.00000E+00  0.00000E+00  0.00000E+00  0.00000E+00  0.00000E+00  0.00000E+00  0.00000E+00  0.00000E+00 
  0.23500E+03  0.00000E+00  0.00000E+00  0.00000E+00  0.00000E+00  0.00000E+00  0.00000E+00  0.00000E+00  0.00000E+00  0.00000E+00  0.00000E+00  0.00000E+00 
  0.23600E+03  0.00000E+00  0.00000E+00  0.00000E+00  0.00000E+00  0.00000E+00  0.00000E+00  0.00000E+00  0.00000E+00  0.00000E+00  0.00000E+00  0.00000E+00 
  0.23700E+03  0.00000E+00  0.00000E+00  0.00000E+00  0.00000E+00  0.00000E+00  0.00000E+00  0.00000E+00  0.00000E+00  0.00000E+00  0.00000E+00  0.00000E+00 
  0.23800E+03  0.00000E+00  0.00000E+00  0.00000E+00  0.00000E+00  0.00000E+00  0.00000E+00  0.00000E+00  0.00000E+00  0.00000E+00  0.00000E+00  0.00000E+00 
  0.23900E+03  0.00000E+00  0.00000E+00  0.00000E+00  0.00000E+00  0.00000E+00  0.00000E+00  0.00000E+00  0.00000E+00  0.00000E+00  0.00000E+00  0.00000E+00 
  0.24000E+03  0.00000E+00  0.00000E+00  0.00000E+00  0.00000E+00  0.00000E+00  0.00000E+00  0.00000E+00  0.00000E+00  0.00000E+00  0.00000E+00  0.00000E+00 
  0.24100E+03  0.00000E+00  0.00000E+00  0.00000E+00  0.00000E+00  0.00000E+00  0.00000E+00  0.00000E+00  0.00000E+00  0.00000E+00  0.00000E+00  0.00000E+00 
  0.24200E+03  0.00000E+00  0.00000E+00  0.00000E+00  0.00000E+00  0.00000E+00  0.00000E+00  0.00000E+00  0.00000E+00  0.00000E+00  0.00000E+00  0.00000E+00 
  0.24300E+03  0.00000E+00  0.00000E+00  0.00000E+00  0.00000E+00  0.00000E+00  0.00000E+00  0.00000E+00  0.00000E+00  0.00000E+00  0.00000E+00  0.00000E+00 
  0.24400E+03  0.00000E+00  0.00000E+00  0.00000E+00  0.00000E+00  0.00000E+00  0.00000E+00  0.00000E+00  0.00000E+00  0.00000E+00  0.00000E+00  0.00000E+00 
  0.24500E+03  0.00000E+00  0.00000E+00  0.00000E+00  0.00000E+00  0.00000E+00  0.00000E+00  0.00000E+00  0.00000E+00  0.00000E+00  0.00000E+00  0.00000E+00 
  0.24600E+03  0.00000E+00  0.00000E+00  0.00000E+00  0.00000E+00  0.00000E+00  0.00000E+00  0.00000E+00  0.00000E+00  0.00000E+00  0.00000E+00  0.00000E+00 
  0.24700E+03  0.00000E+00  0.00000E+00  0.00000E+00  0.00000E+00  0.00000E+00  0.00000E+00  0.00000E+00  0.00000E+00  0.00000E+00  0.00000E+00  0.00000E+00 
  0.24800E+03  0.00000E+00  0.00000E+00  0.00000E+00  0.00000E+00  0.00000E+00  0.00000E+00  0.00000E+00  0.00000E+00  0.00000E+00  0.00000E+00  0.00000E+00 
  0.24900E+03  0.00000E+00  0.00000E+00  0.00000E+00  0.00000E+00  0.00000E+00  0.00000E+00  0.00000E+00  0.00000E+00  0.00000E+00  0.00000E+00  0.00000E+00 
  0.25000E+03  0.00000E+00  0.00000E+00  0.00000E+00  0.00000E+00  0.00000E+00  0.00000E+00  0.00000E+00  0.00000E+00  0.00000E+00  0.00000E+00  0.00000E+00 
  0.25100E+03  0.00000E+00  0.00000E+00  0.00000E+00  0.00000E+00  0.00000E+00  0.00000E+00  0.00000E+00  0.00000E+00  0.00000E+00  0.00000E+00  0.00000E+00 
  0.25200E+03  0.00000E+00  0.00000E+00  0.00000E+00  0.00000E+00  0.00000E+00  0.00000E+00  0.00000E+00  0.00000E+00  0.00000E+00  0.00000E+00  0.00000E+00 
  0.25300E+03  0.00000E+00  0.00000E+00  0.00000E+00  0.00000E+00  0.00000E+00  0.00000E+00  0.00000E+00  0.00000E+00  0.00000E+00  0.00000E+00  0.00000E+00 
  0.25400E+03  0.00000E+00  0.00000E+00  0.00000E+00  0.00000E+00  0.00000E+00  0.00000E+00  0.00000E+00  0.00000E+00  0.00000E+00  0.00000E+00  0.00000E+00 
  0.25500E+03  0.00000E+00  0.00000E+00  0.00000E+00  0.00000E+00  0.00000E+00  0.00000E+00  0.00000E+00  0.00000E+00  0.00000E+00  0.00000E+00  0.00000E+00 
  0.25600E+03  0.00000E+00  0.00000E+00  0.00000E+00  0.00000E+00  0.00000E+00  0.00000E+00  0.00000E+00  0.00000E+00  0.00000E+00  0.00000E+00  0.00000E+00 
  0.25700E+03  0.00000E+00  0.00000E+00  0.00000E+00  0.00000E+00  0.00000E+00  0.00000E+00  0.00000E+00  0.00000E+00  0.00000E+00  0.00000E+00  0.00000E+00 
  0.25800E+03  0.00000E+00  0.00000E+00  0.00000E+00  0.00000E+00  0.00000E+00  0.00000E+00  0.00000E+00  0.00000E+00  0.00000E+00  0.00000E+00  0.00000E+00 
  0.25900E+03  0.00000E+00  0.00000E+00  0.00000E+00  0.00000E+00  0.00000E+00  0.00000E+00  0.00000E+00  0.00000E+00  0.00000E+00  0.00000E+00  0.00000E+00 
  0.26000E+03  0.00000E+00  0.00000E+00  0.00000E+00  0.00000E+00  0.00000E+00  0.00000E+00  0.00000E+00  0.00000E+00  0.00000E+00  0.00000E+00  0.00000E+00 
  0.26100E+03  0.00000E+00  0.00000E+00  0.00000E+00  0.00000E+00  0.00000E+00  0.00000E+00  0.00000E+00  0.00000E+00  0.00000E+00  0.00000E+00  0.00000E+00 
  0.26200E+03  0.00000E+00  0.00000E+00  0.00000E+00  0.00000E+00  0.00000E+00  0.00000E+00  0.00000E+00  0.00000E+00  0.00000E+00  0.00000E+00  0.00000E+00 
  0.26300E+03  0.00000E+00  0.00000E+00  0.00000E+00  0.00000E+00  0.00000E+00  0.00000E+00  0.00000E+00  0.00000E+00  0.00000E+00  0.00000E+00  0.00000E+00 
  0.26400E+03  0.00000E+00  0.00000E+00  0.00000E+00  0.00000E+00  0.00000E+00  0.00000E+00  0.00000E+00  0.00000E+00  0.00000E+00  0.00000E+00  0.00000E+00 
  0.26500E+03  0.00000E+00  0.00000E+00  0.00000E+00  0.00000E+00  0.00000E+00  0.00000E+00  0.00000E+00  0.00000E+00  0.00000E+00  0.00000E+00  0.00000E+00 
  0.26600E+03  0.00000E+00  0.00000E+00  0.00000E+00  0.00000E+00  0.00000E+00  0.00000E+00  0.00000E+00  0.00000E+00  0.00000E+00  0.00000E+00  0.00000E+00 
  0.26700E+03  0.00000E+00  0.00000E+00  0.00000E+00  0.00000E+00  0.00000E+00  0.00000E+00  0.00000E+00  0.00000E+00  0.00000E+00  0.00000E+00  0.00000E+00 
  0.26800E+03  0.00000E+00  0.00000E+00  0.00000E+00  0.00000E+00  0.00000E+00  0.00000E+00  0.00000E+00  0.00000E+00  0.00000E+00  0.00000E+00  0.00000E+00 
  0.26900E+03  0.00000E+00  0.00000E+00  0.00000E+00  0.00000E+00  0.00000E+00  0.00000E+00  0.00000E+00  0.00000E+00  0.00000E+00  0.00000E+00  0.00000E+00 
  0.27000E+03  0.00000E+00  0.00000E+00  0.00000E+00  0.00000E+00  0.00000E+00  0.00000E+00  0.00000E+00  0.00000E+00  0.00000E+00  0.00000E+00  0.00000E+00 
  0.27100E+03  0.00000E+00  0.00000E+00  0.00000E+00  0.00000E+00  0.00000E+00  0.00000E+00  0.00000E+00  0.00000E+00  0.00000E+00  0.00000E+00  0.00000E+00 
  0.27200E+03  0.00000E+00  0.00000E+00  0.00000E+00  0.00000E+00  0.00000E+00  0.00000E+00  0.00000E+00  0.00000E+00  0.00000E+00  0.00000E+00  0.00000E+00 
  0.27300E+03  0.00000E+00  0.00000E+00  0.00000E+00  0.00000E+00  0.00000E+00  0.00000E+00  0.00000E+00  0.00000E+00  0.00000E+00  0.00000E+00  0.00000E+00 
  0.27400E+03  0.00000E+00  0.00000E+00  0.00000E+00  0.00000E+00  0.00000E+00  0.00000E+00  0.00000E+00  0.00000E+00  0.00000E+00  0.00000E+00  0.00000E+00 
  0.27500E+03  0.00000E+00  0.00000E+00  0.00000E+00  0.00000E+00  0.00000E+00  0.00000E+00  0.00000E+00  0.00000E+00  0.00000E+00  0.00000E+00  0.00000E+00 
  0.27600E+03  0.00000E+00  0.00000E+00  0.00000E+00  0.00000E+00  0.00000E+00  0.00000E+00  0.00000E+00  0.00000E+00  0.00000E+00  0.00000E+00  0.00000E+00 
  0.27700E+03  0.00000E+00  0.00000E+00  0.00000E+00  0.00000E+00  0.00000E+00  0.00000E+00  0.00000E+00  0.00000E+00  0.00000E+00  0.00000E+00  0.00000E+00 
  0.27800E+03  0.00000E+00  0.00000E+00  0.00000E+00  0.00000E+00  0.00000E+00  0.00000E+00  0.00000E+00  0.00000E+00  0.00000E+00  0.00000E+00  0.00000E+00 
  0.27900E+03  0.00000E+00  0.00000E+00  0.00000E+00  0.00000E+00  0.00000E+00  0.00000E+00  0.00000E+00  0.00000E+00  0.00000E+00  0.00000E+00  0.00000E+00 
  0.28000E+03  0.00000E+00  0.00000E+00  0.00000E+00  0.00000E+00  0.00000E+00  0.00000E+00  0.00000E+00  0.00000E+00  0.00000E+00  0.00000E+00  0.00000E+00 
  0.28100E+03  0.00000E+00  0.00000E+00  0.00000E+00  0.00000E+00  0.00000E+00  0.00000E+00  0.00000E+00  0.00000E+00  0.00000E+00  0.00000E+00  0.00000E+00 
  0.28200E+03  0.00000E+00  0.00000E+00  0.00000E+00  0.00000E+00  0.00000E+00  0.00000E+00  0.00000E+00  0.00000E+00  0.00000E+00  0.00000E+00  0.00000E+00 
  0.28300E+03  0.00000E+00  0.00000E+00  0.00000E+00  0.00000E+00  0.00000E+00  0.00000E+00  0.00000E+00  0.00000E+00  0.00000E+00  0.00000E+00  0.00000E+00 
  0.28400E+03  0.00000E+00  0.00000E+00  0.00000E+00  0.00000E+00  0.00000E+00  0.00000E+00  0.00000E+00  0.00000E+00  0.00000E+00  0.00000E+00  0.00000E+00 
  0.28500E+03  0.00000E+00  0.00000E+00  0.00000E+00  0.00000E+00  0.00000E+00  0.00000E+00  0.00000E+00  0.00000E+00  0.00000E+00  0.00000E+00  0.00000E+00 
  0.28600E+03  0.00000E+00  0.00000E+00  0.00000E+00  0.00000E+00  0.00000E+00  0.00000E+00  0.00000E+00  0.00000E+00  0.00000E+00  0.00000E+00  0.00000E+00 
  0.28700E+03  0.00000E+00  0.00000E+00  0.00000E+00  0.00000E+00  0.00000E+00  0.00000E+00  0.00000E+00  0.00000E+00  0.00000E+00  0.00000E+00  0.00000E+00 
  0.28800E+03  0.00000E+00  0.00000E+00  0.00000E+00  0.00000E+00  0.00000E+00  0.00000E+00  0.00000E+00  0.00000E+00  0.00000E+00  0.00000E+00  0.00000E+00 
  0.28900E+03  0.00000E+00  0.00000E+00  0.00000E+00  0.00000E+00  0.00000E+00  0.00000E+00  0.00000E+00  0.00000E+00  0.00000E+00  0.00000E+00  0.00000E+00 
  0.29000E+03  0.00000E+00  0.00000E+00  0.00000E+00  0.00000E+00  0.00000E+00  0.00000E+00  0.00000E+00  0.00000E+00  0.00000E+00  0.00000E+00  0.00000E+00 
  0.29100E+03  0.00000E+00  0.00000E+00  0.00000E+00  0.00000E+00  0.00000E+00  0.00000E+00  0.00000E+00  0.00000E+00  0.00000E+00  0.00000E+00  0.00000E+00 
  0.29200E+03  0.00000E+00  0.00000E+00  0.00000E+00  0.00000E+00  0.00000E+00  0.00000E+00  0.00000E+00  0.00000E+00  0.00000E+00  0.00000E+00  0.00000E+00 
  0.29300E+03  0.00000E+00  0.00000E+00  0.00000E+00  0.00000E+00  0.00000E+00  0.00000E+00  0.00000E+00  0.00000E+00  0.00000E+00  0.00000E+00  0.00000E+00 
  0.29400E+03  0.00000E+00  0.00000E+00  0.00000E+00  0.00000E+00  0.00000E+00  0.00000E+00  0.00000E+00  0.00000E+00  0.00000E+00  0.00000E+00  0.00000E+00 
  0.29500E+03  0.00000E+00  0.00000E+00  0.00000E+00  0.00000E+00  0.00000E+00  0.00000E+00  0.00000E+00  0.00000E+00  0.00000E+00  0.00000E+00  0.00000E+00 
  0.29600E+03  0.00000E+00  0.00000E+00  0.00000E+00  0.00000E+00  0.00000E+00  0.00000E+00  0.00000E+00  0.00000E+00  0.00000E+00  0.00000E+00  0.00000E+00 
  0.29700E+03  0.00000E+00  0.00000E+00  0.00000E+00  0.00000E+00  0.00000E+00  0.00000E+00  0.00000E+00  0.00000E+00  0.00000E+00  0.00000E+00  0.00000E+00 
  0.29800E+03  0.00000E+00  0.00000E+00  0.00000E+00  0.00000E+00  0.00000E+00  0.00000E+00  0.00000E+00  0.00000E+00  0.00000E+00  0.00000E+00  0.00000E+00 
  0.29900E+03  0.00000E+00  0.00000E+00  0.00000E+00  0.00000E+00  0.00000E+00  0.00000E+00  0.00000E+00  0.00000E+00  0.00000E+00  0.00000E+00  0.00000E+00 
  0.30000E+03  0.00000E+00  0.00000E+00  0.00000E+00  0.00000E+00  0.00000E+00  0.00000E+00  0.00000E+00  0.00000E+00  0.00000E+00  0.00000E+00  0.00000E+00 
  0.30100E+03  0.00000E+00  0.00000E+00  0.00000E+00  0.00000E+00  0.00000E+00  0.00000E+00  0.00000E+00  0.00000E+00  0.00000E+00  0.00000E+00  0.00000E+00 
  0.30200E+03  0.00000E+00  0.00000E+00  0.00000E+00  0.00000E+00  0.00000E+00  0.00000E+00  0.00000E+00  0.00000E+00  0.00000E+00  0.00000E+00  0.00000E+00 
  0.30300E+03  0.00000E+00  0.00000E+00  0.00000E+00  0.00000E+00  0.00000E+00  0.00000E+00  0.00000E+00  0.00000E+00  0.00000E+00  0.00000E+00  0.00000E+00 
  0.30400E+03  0.00000E+00  0.00000E+00  0.00000E+00  0.00000E+00  0.00000E+00  0.00000E+00  0.00000E+00  0.00000E+00  0.00000E+00  0.00000E+00  0.00000E+00 
  0.30500E+03  0.00000E+00  0.00000E+00  0.00000E+00  0.00000E+00  0.00000E+00  0.00000E+00  0.00000E+00  0.00000E+00  0.00000E+00  0.00000E+00  0.00000E+00 
  0.30600E+03  0.00000E+00  0.00000E+00  0.00000E+00  0.00000E+00  0.00000E+00  0.00000E+00  0.00000E+00  0.00000E+00  0.00000E+00  0.00000E+00  0.00000E+00 
  0.30700E+03  0.00000E+00  0.00000E+00  0.00000E+00  0.00000E+00  0.00000E+00  0.00000E+00  0.00000E+00  0.00000E+00  0.00000E+00  0.41117E-06  0.14452E-06 
  0.30800E+03  0.00000E+00  0.00000E+00  0.00000E+00  0.00000E+00  0.00000E+00  0.00000E+00  0.00000E+00  0.00000E+00  0.00000E+00  0.33380E-02  0.11590E-02 
  0.30900E+03  0.00000E+00  0.00000E+00  0.00000E+00  0.00000E+00  0.00000E+00  0.00000E+00  0.00000E+00  0.00000E+00  0.00000E+00  0.63518E-02  0.21796E-02 
  0.31000E+03  0.00000E+00  0.00000E+00  0.00000E+00  0.00000E+00  0.00000E+00  0.00000E+00  0.00000E+00  0.00000E+00  0.00000E+00  0.90725E-02  0.30781E-02 
  0.31100E+03  0.00000E+00  0.00000E+00  0.00000E+00  0.00000E+00  0.00000E+00  0.00000E+00  0.00000E+00  0.00000E+00  0.00000E+00  0.11528E-01  0.38692E-02 
  0.31200E+03  0.00000E+00  0.00000E+00  0.00000E+00  0.00000E+00  0.00000E+00  0.00000E+00  0.00000E+00  0.00000E+00  0.00000E+00  0.13745E-01  0.45656E-02 
  0.31300E+03  0.00000E+00  0.00000E+00  0.00000E+00  0.00000E+00  0.00000E+00  0.00000E+00  0.00000E+00  0.00000E+00  0.00000E+00  0.15745E-01  0.51786E-02 
  0.31400E+03  0.00000E+00  0.00000E+00  0.00000E+00  0.00000E+00  0.00000E+00  0.00000E+00  0.00000E+00  0.00000E+00  0.00000E+00  0.17550E-01  0.57180E-02 
  0.31500E+03  0.00000E+00  0.00000E+00  0.00000E+00  0.00000E+00  0.00000E+00  0.00000E+00  0.00000E+00  0.00000E+00  0.00000E+00  0.19179E-01  0.61928E-02 
  0.31600E+03  0.00000E+00  0.00000E+00  0.00000E+00  0.00000E+00  0.00000E+00  0.00000E+00  0.00000E+00  0.00000E+00  0.00000E+00  0.20649E-01  0.66107E-02 
  0.31700E+03  0.00000E+00  0.00000E+00  0.00000E+00  0.00000E+00  0.00000E+00  0.00000E+00  0.00000E+00  0.00000E+00  0.00000E+00  0.21976E-01  0.69786E-02 
  0.31800E+03  0.00000E+00  0.00000E+00  0.00000E+00  0.00000E+00  0.00000E+00  0.00000E+00  0.00000E+00  0.00000E+00  0.00000E+00  0.23174E-01  0.73025E-02 
  0.31900E+03  0.00000E+00  0.00000E+00  0.00000E+00  0.00000E+00  0.00000E+00  0.00000E+00  0.00000E+00  0.00000E+00  0.00000E+00  0.24255E-01  0.75876E-02 
  0.32000E+03  0.00000E+00  0.00000E+00  0.00000E+00  0.00000E+00  0.00000E+00  0.00000E+00  0.00000E+00  0.00000E+00  0.00000E+00  0.25231E-01  0.78387E-02 
  0.32100E+03  0.00000E+00  0.00000E+00  0.00000E+00  0.00000E+00  0.00000E+00  0.00000E+00  0.00000E+00  0.00000E+00  0.00000E+00  0.26112E-01  0.80597E-02 
  0.32200E+03  0.00000E+00  0.00000E+00  0.00000E+00  0.00000E+00  0.00000E+00  0.00000E+00  0.00000E+00  0.00000E+00  0.00000E+00  0.26907E-01  0.82542E-02 
  0.32300E+03  0.00000E+00  0.00000E+00  0.00000E+00  0.00000E+00  0.00000E+00  0.00000E+00  0.00000E+00  0.00000E+00  0.00000E+00  0.27625E-01  0.84254E-02 
  0.32400E+03  0.00000E+00  0.00000E+00  0.00000E+00  0.00000E+00  0.00000E+00  0.00000E+00  0.00000E+00  0.00000E+00  0.00000E+00  0.28272E-01  0.85762E-02 
  0.32500E+03  0.00000E+00  0.00000E+00  0.00000E+00  0.00000E+00  0.00000E+00  0.00000E+00  0.00000E+00  0.00000E+00  0.00000E+00  0.28857E-01  0.87088E-02 
  0.32600E+03  0.00000E+00  0.00000E+00  0.00000E+00  0.00000E+00  0.00000E+00  0.00000E+00  0.00000E+00  0.00000E+00  0.00000E+00  0.29384E-01  0.88256E-02 
  0.32700E+03  0.00000E+00  0.00000E+00  0.00000E+00  0.00000E+00  0.00000E+00  0.00000E+00  0.00000E+00  0.00000E+00  0.00000E+00  0.29860E-01  0.89283E-02 
  0.32800E+03  0.00000E+00  0.00000E+00  0.00000E+00  0.00000E+00  0.00000E+00  0.00000E+00  0.00000E+00  0.00000E+00  0.00000E+00  0.30289E-01  0.90187E-02 
  0.32900E+03  0.00000E+00  0.00000E+00  0.00000E+00  0.00000E+00  0.00000E+00  0.00000E+00  0.00000E+00  0.00000E+00  0.00000E+00  0.30677E-01  0.90982E-02 
  0.33000E+03  0.00000E+00  0.00000E+00  0.00000E+00  0.00000E+00  0.00000E+00  0.00000E+00  0.00000E+00  0.00000E+00  0.00000E+00  0.31026E-01  0.91682E-02 
  0.33100E+03  0.00000E+00  0.00000E+00  0.00000E+00  0.00000E+00  0.00000E+00  0.00000E+00  0.00000E+00  0.00000E+00  0.00000E+00  0.31341E-01  0.92297E-02 
  0.33200E+03  0.00000E+00  0.00000E+00  0.00000E+00  0.00000E+00  0.00000E+00  0.00000E+00  0.00000E+00  0.00000E+00  0.00000E+00  0.31625E-01  0.92838E-02 
  0.33300E+03  0.00000E+00  0.00000E+00  0.00000E+00  0.00000E+00  0.00000E+00  0.00000E+00  0.00000E+00  0.00000E+00  0.00000E+00  0.31881E-01  0.93314E-02 
  0.33400E+03  0.00000E+00  0.00000E+00  0.00000E+00  0.00000E+00  0.00000E+00  0.00000E+00  0.00000E+00  0.00000E+00  0.00000E+00  0.32112E-01  0.93733E-02 
  0.33500E+03  0.00000E+00  0.00000E+00  0.00000E+00  0.00000E+00  0.00000E+00  0.00000E+00  0.00000E+00  0.00000E+00  0.00000E+00  0.32321E-01  0.94102E-02 
  0.33600E+03  0.00000E+00  0.00000E+00  0.00000E+00  0.00000E+00  0.00000E+00  0.00000E+00  0.00000E+00  0.00000E+00  0.00000E+00  0.32510E-01  0.94427E-02 
  0.33700E+03  0.00000E+00  0.00000E+00  0.00000E+00  0.00000E+00  0.00000E+00  0.00000E+00  0.00000E+00  0.00000E+00  0.41146E-06  0.32679E-01  0.94712E-02 
  0.33800E+03  0.00000E+00  0.00000E+00  0.00000E+00  0.00000E+00  0.00000E+00  0.00000E+00  0.00000E+00  0.00000E+00  0.45426E-02  0.32833E-01  0.94964E-02 
  0.33900E+03  0.00000E+00  0.00000E+00  0.00000E+00  0.00000E+00  0.00000E+00  0.00000E+00  0.00000E+00  0.00000E+00  0.87093E-02  0.32971E-01  0.95185E-02 
  0.34000E+03  0.00000E+00  0.00000E+00  0.00000E+00  0.00000E+00  0.00000E+00  0.00000E+00  0.00000E+00  0.00000E+00  0.12530E-01  0.33096E-01  0.95380E-02 
  0.34100E+03  0.00000E+00  0.00000E+00  0.00000E+00  0.00000E+00  0.00000E+00  0.00000E+00  0.00000E+00  0.00000E+00  0.16034E-01  0.33208E-01  0.95551E-02 
  0.34200E+03  0.00000E+00  0.00000E+00  0.00000E+00  0.00000E+00  0.00000E+00  0.00000E+00  0.00000E+00  0.00000E+00  0.19246E-01  0.33310E-01  0.95702E-02 
  0.34300E+03  0.00000E+00  0.00000E+00  0.00000E+00  0.00000E+00  0.00000E+00  0.00000E+00  0.00000E+00  0.00000E+00  0.22191E-01  0.33401E-01  0.95834E-02 
  0.34400E+03  0.00000E+00  0.00000E+00  0.00000E+00  0.00000E+00  0.00000E+00  0.00000E+00  0.00000E+00  0.00000E+00  0.24891E-01  0.33484E-01  0.95950E-02 
  0.34500E+03  0.00000E+00  0.00000E+00  0.00000E+00  0.00000E+00  0.00000E+00  0.00000E+00  0.00000E+00  0.00000E+00  0.27367E-01  0.33558E-01  0.96053E-02 
  0.34600E+03  0.00000E+00  0.00000E+00  0.00000E+00  0.00000E+00  0.00000E+00  0.00000E+00  0.00000E+00  0.00000E+00  0.29637E-01  0.33625E-01  0.96143E-02 
  0.34700E+03  0.00000E+00  0.00000E+00  0.00000E+00  0.00000E+00  0.00000E+00  0.00000E+00  0.00000E+00  0.00000E+00  0.31718E-01  0.33686E-01  0.96222E-02 
  0.34800E+03  0.00000E+00  0.00000E+00  0.00000E+00  0.00000E+00  0.00000E+00  0.00000E+00  0.00000E+00  0.00000E+00  0.33626E-01  0.33740E-01  0.96292E-02 
  0.34900E+03  0.00000E+00  0.00000E+00  0.00000E+00  0.00000E+00  0.00000E+00  0.00000E+00  0.00000E+00  0.00000E+00  0.35375E-01  0.33790E-01  0.96353E-02 
  0.35000E+03  0.00000E+00  0.00000E+00  0.00000E+00  0.00000E+00  0.00000E+00  0.00000E+00  0.00000E+00  0.00000E+00  0.36979E-01  0.33834E-01  0.96407E-02 
  0.35100E+03  0.00000E+00  0.00000E+00  0.00000E+00  0.00000E+00  0.00000E+00  0.00000E+00  0.00000E+00  0.00000E+00  0.38450E-01  0.33874E-01  0.96454E-02 
  0.35200E+03  0.00000E+00  0.00000E+00  0.00000E+00  0.00000E+00  0.00000E+00  0.00000E+00  0.00000E+00  0.00000E+00  0.39797E-01  0.33910E-01  0.96496E-02 
  0.35300E+03  0.00000E+00  0.00000E+00  0.00000E+00  0.00000E+00  0.00000E+00  0.00000E+00  0.00000E+00  0.00000E+00  0.41033E-01  0.33942E-01  0.96533E-02 
  0.35400E+03  0.00000E+00  0.00000E+00  0.00000E+00  0.00000E+00  0.00000E+00  0.00000E+00  0.00000E+00  0.00000E+00  0.42165E-01  0.33972E-01  0.96565E-02 
  0.35500E+03  0.00000E+00  0.00000E+00  0.00000E+00  0.00000E+00  0.00000E+00  0.00000E+00  0.00000E+00  0.00000E+00  0.43203E-01  0.33998E-01  0.96593E-02 
  0.35600E+03  0.00000E+00  0.00000E+00  0.00000E+00  0.00000E+00  0.00000E+00  0.00000E+00  0.00000E+00  0.00000E+00  0.44153E-01  0.34022E-01  0.96618E-02 
  0.35700E+03  0.00000E+00  0.00000E+00  0.00000E+00  0.00000E+00  0.00000E+00  0.00000E+00  0.00000E+00  0.00000E+00  0.45024E-01  0.34043E-01  0.96640E-02 
  0.35800E+03  0.00000E+00  0.00000E+00  0.00000E+00  0.00000E+00  0.00000E+00  0.00000E+00  0.00000E+00  0.00000E+00  0.45822E-01  0.34063E-01  0.96659E-02 
  0.35900E+03  0.00000E+00  0.00000E+00  0.00000E+00  0.00000E+00  0.00000E+00  0.00000E+00  0.00000E+00  0.00000E+00  0.46554E-01  0.34080E-01  0.96676E-02 
  0.36000E+03  0.00000E+00  0.00000E+00  0.00000E+00  0.00000E+00  0.00000E+00  0.00000E+00  0.00000E+00  0.00000E+00  0.47224E-01  0.34096E-01  0.96691E-02 
  0.36100E+03  0.00000E+00  0.00000E+00  0.00000E+00  0.00000E+00  0.00000E+00  0.00000E+00  0.00000E+00  0.00000E+00  0.47838E-01  0.34110E-01  0.96704E-02 
  0.36200E+03  0.00000E+00  0.00000E+00  0.00000E+00  0.00000E+00  0.00000E+00  0.00000E+00  0.00000E+00  0.00000E+00  0.48401E-01  0.34122E-01  0.96715E-02 
  0.36300E+03  0.00000E+00  0.00000E+00  0.00000E+00  0.00000E+00  0.00000E+00  0.00000E+00  0.00000E+00  0.00000E+00  0.48917E-01  0.34134E-01  0.96725E-02 
  0.36400E+03  0.00000E+00  0.00000E+00  0.00000E+00  0.00000E+00  0.00000E+00  0.00000E+00  0.00000E+00  0.00000E+00  0.49390E-01  0.34144E-01  0.96734E-02 
  0.36500E+03  0.00000E+00  0.00000E+00  0.00000E+00  0.00000E+00  0.00000E+00  0.00000E+00  0.00000E+00  0.00000E+00  0.49824E-01  0.34154E-01  0.96742E-02 
  0.36600E+03  0.00000E+00  0.00000E+00  0.00000E+00  0.00000E+00  0.00000E+00  0.00000E+00  0.00000E+00  0.38487E-06  0.50221E-01  0.34162E-01  0.96749E-02 
  0.36700E+03  0.00000E+00  0.00000E+00  0.00000E+00  0.00000E+00  0.00000E+00  0.00000E+00  0.00000E+00  0.46275E-02  0.50585E-01  0.34169E-01  0.96755E-02 
  0.36800E+03  0.00000E+00  0.00000E+00  0.00000E+00  0.00000E+00  0.00000E+00  0.00000E+00  0.00000E+00  0.89390E-02  0.50919E-01  0.34170E-01  0.96755E-02 
  0.36900E+03  0.00000E+00  0.00000E+00  0.00000E+00  0.00000E+00  0.00000E+00  0.00000E+00  0.00000E+00  0.12955E-01  0.51224E-01  0.34170E-01  0.96755E-02 
  0.37000E+03  0.00000E+00  0.00000E+00  0.00000E+00  0.00000E+00  0.00000E+00  0.00000E+00  0.00000E+00  0.16694E-01  0.51504E-01  0.34170E-01  0.96755E-02 
  0.37100E+03  0.00000E+00  0.00000E+00  0.00000E+00  0.00000E+00  0.00000E+00  0.00000E+00  0.00000E+00  0.20174E-01  0.51761E-01  0.34170E-01  0.96755E-02 
  0.37200E+03  0.00000E+00  0.00000E+00  0.00000E+00  0.00000E+00  0.00000E+00  0.00000E+00  0.00000E+00  0.23413E-01  0.51995E-01  0.34170E-01  0.96755E-02 
  0.37300E+03  0.00000E+00  0.00000E+00  0.00000E+00  0.00000E+00  0.00000E+00  0.00000E+00  0.00000E+00  0.26425E-01  0.52210E-01  0.34170E-01  0.96755E-02 
  0.37400E+03  0.00000E+00  0.00000E+00  0.00000E+00  0.00000E+00  0.00000E+00  0.00000E+00  0.00000E+00  0.29227E-01  0.52406E-01  0.34170E-01  0.96755E-02 
  0.37500E+03  0.00000E+00  0.00000E+00  0.00000E+00  0.00000E+00  0.00000E+00  0.00000E+00  0.00000E+00  0.31831E-01  0.52586E-01  0.34170E-01  0.96755E-02 
  0.37600E+03  0.00000E+00  0.00000E+00  0.00000E+00  0.00000E+00  0.00000E+00  0.00000E+00  0.00000E+00  0.34252E-01  0.52750E-01  0.34170E-01  0.96755E-02 
  0.37700E+03  0.00000E+00  0.00000E+00  0.00000E+00  0.00000E+00  0.00000E+00  0.00000E+00  0.00000E+00  0.36501E-01  0.52899E-01  0.34170E-01  0.96755E-02 
  0.37800E+03  0.00000E+00  0.00000E+00  0.00000E+00  0.00000E+00  0.00000E+00  0.00000E+00  0.00000E+00  0.38589E-01  0.53036E-01  0.34170E-01  0.96755E-02 
  0.37900E+03  0.00000E+00  0.00000E+00  0.00000E+00  0.00000E+00  0.00000E+00  0.00000E+00  0.00000E+00  0.40529E-01  0.53161E-01  0.34170E-01  0.96755E-02 
  0.38000E+03  0.00000E+00  0.00000E+00  0.00000E+00  0.00000E+00  0.00000E+00  0.00000E+00  0.00000E+00  0.42330E-01  0.53275E-01  0.34170E-01  0.96755E-02 
  0.38100E+03  0.00000E+00  0.00000E+00  0.00000E+00  0.00000E+00  0.00000E+00  0.00000E+00  0.00000E+00  0.44001E-01  0.53380E-01  0.34170E-01  0.96755E-02 
  0.38200E+03  0.00000E+00  0.00000E+00  0.00000E+00  0.00000E+00  0.00000E+00  0.00000E+00  0.00000E+00  0.45553E-01  0.53475E-01  0.34170E-01  0.96755E-02 
  0.38300E+03  0.00000E+00  0.00000E+00  0.00000E+00  0.00000E+00  0.00000E+00  0.00000E+00  0.00000E+00  0.46994E-01  0.53562E-01  0.34170E-01  0.96755E-02 
  0.38400E+03  0.00000E+00  0.00000E+00  0.00000E+00  0.00000E+00  0.00000E+00  0.00000E+00  0.00000E+00  0.48331E-01  0.53641E-01  0.34170E-01  0.96755E-02 
  0.38500E+03  0.00000E+00  0.00000E+00  0.00000E+00  0.00000E+00  0.00000E+00  0.00000E+00  0.00000E+00  0.49572E-01  0.53713E-01  0.34170E-01  0.96755E-02 
  0.38600E+03  0.00000E+00  0.00000E+00  0.00000E+00  0.00000E+00  0.00000E+00  0.00000E+00  0.00000E+00  0.50724E-01  0.53779E-01  0.34170E-01  0.96755E-02 
  0.38700E+03  0.00000E+00  0.00000E+00  0.00000E+00  0.00000E+00  0.00000E+00  0.00000E+00  0.00000E+00  0.51793E-01  0.53840E-01  0.34170E-01  0.96755E-02 
  0.38800E+03  0.00000E+00  0.00000E+00  0.00000E+00  0.00000E+00  0.00000E+00  0.00000E+00  0.00000E+00  0.52785E-01  0.53895E-01  0.34170E-01  0.96755E-02 
  0.38900E+03  0.00000E+00  0.00000E+00  0.00000E+00  0.00000E+00  0.00000E+00  0.00000E+00  0.00000E+00  0.53707E-01  0.53945E-01  0.34170E-01  0.96755E-02 
  0.39000E+03  0.00000E+00  0.00000E+00  0.00000E+00  0.00000E+00  0.00000E+00  0.00000E+00  0.00000E+00  0.54561E-01  0.53991E-01  0.34170E-01  0.96755E-02 
  0.39100E+03  0.00000E+00  0.00000E+00  0.00000E+00  0.00000E+00  0.00000E+00  0.00000E+00  0.00000E+00  0.55354E-01  0.54033E-01  0.34170E-01  0.96755E-02 
  0.39200E+03  0.00000E+00  0.00000E+00  0.00000E+00  0.00000E+00  0.00000E+00  0.00000E+00  0.00000E+00  0.56089E-01  0.54071E-01  0.34170E-01  0.96755E-02 
  0.39300E+03  0.00000E+00  0.00000E+00  0.00000E+00  0.00000E+00  0.00000E+00  0.00000E+00  0.00000E+00  0.56771E-01  0.54106E-01  0.34170E-01  0.96755E-02 
  0.39400E+03  0.00000E+00  0.00000E+00  0.00000E+00  0.00000E+00  0.00000E+00  0.00000E+00  0.00000E+00  0.57402E-01  0.54137E-01  0.34170E-01  0.96755E-02 
  0.39500E+03  0.00000E+00  0.00000E+00  0.00000E+00  0.00000E+00  0.00000E+00  0.00000E+00  0.00000E+00  0.57986E-01  0.54166E-01  0.34170E-01  0.96755E-02 
  0.39600E+03  0.00000E+00  0.00000E+00  0.00000E+00  0.00000E+00  0.00000E+00  0.00000E+00  0.00000E+00  0.58526E-01  0.54192E-01  0.34170E-01  0.96755E-02 
  0.39700E+03  0.00000E+00  0.00000E+00  0.00000E+00  0.00000E+00  0.00000E+00  0.00000E+00  0.38943E-06  0.59026E-01  0.54216E-01  0.34170E-01  0.96755E-02 
  0.39800E+03  0.00000E+00  0.00000E+00  0.00000E+00  0.00000E+00  0.00000E+00  0.00000E+00  0.33607E-02  0.59488E-01  0.54216E-01  0.34170E-01  0.96755E-02 
  0.39900E+03  0.00000E+00  0.00000E+00  0.00000E+00  0.00000E+00  0.00000E+00  0.00000E+00  0.65059E-02  0.59916E-01  0.54216E-01  0.34170E-01  0.96755E-02 
  0.40000E+03  0.00000E+00  0.00000E+00  0.00000E+00  0.00000E+00  0.00000E+00  0.00000E+00  0.94508E-02  0.60312E-01  0.54216E-01  0.34170E-01  0.96755E-02 
  0.40100E+03  0.00000E+00  0.00000E+00  0.00000E+00  0.00000E+00  0.00000E+00  0.00000E+00  0.12209E-01  0.60679E-01  0.54216E-01  0.34170E-01  0.96755E-02 
  0.40200E+03  0.00000E+00  0.00000E+00  0.00000E+00  0.00000E+00  0.00000E+00  0.00000E+00  0.14793E-01  0.61020E-01  0.54216E-01  0.34170E-01  0.96755E-02 
  0.40300E+03  0.00000E+00  0.00000E+00  0.00000E+00  0.00000E+00  0.00000E+00  0.00000E+00  0.17214E-01  0.61335E-01  0.54216E-01  0.34170E-01  0.96755E-02 
  0.40400E+03  0.00000E+00  0.00000E+00  0.00000E+00  0.00000E+00  0.00000E+00  0.00000E+00  0.19482E-01  0.61627E-01  0.54216E-01  0.34170E-01  0.96755E-02 
  0.40500E+03  0.00000E+00  0.00000E+00  0.00000E+00  0.00000E+00  0.00000E+00  0.00000E+00  0.21606E-01  0.61897E-01  0.54216E-01  0.34170E-01  0.96755E-02 
  0.40600E+03  0.00000E+00  0.00000E+00  0.00000E+00  0.00000E+00  0.00000E+00  0.00000E+00  0.23595E-01  0.62147E-01  0.54216E-01  0.34170E-01  0.96755E-02 
  0.40700E+03  0.00000E+00  0.00000E+00  0.00000E+00  0.00000E+00  0.00000E+00  0.00000E+00  0.25459E-01  0.62379E-01  0.54216E-01  0.34170E-01  0.96755E-02 
  0.40800E+03  0.00000E+00  0.00000E+00  0.00000E+00  0.00000E+00  0.00000E+00  0.00000E+00  0.27204E-01  0.62594E-01  0.54216E-01  0.34170E-01  0.96755E-02 
  0.40900E+03  0.00000E+00  0.00000E+00  0.00000E+00  0.00000E+00  0.00000E+00  0.00000E+00  0.28839E-01  0.62793E-01  0.54216E-01  0.34170E-01  0.96755E-02 
  0.41000E+03  0.00000E+00  0.00000E+00  0.00000E+00  0.00000E+00  0.00000E+00  0.00000E+00  0.30370E-01  0.62978E-01  0.54216E-01  0.34170E-01  0.96755E-02 
  0.41100E+03  0.00000E+00  0.00000E+00  0.00000E+00  0.00000E+00  0.00000E+00  0.00000E+00  0.31806E-01  0.63149E-01  0.54216E-01  0.34170E-01  0.96755E-02 
  0.41200E+03  0.00000E+00  0.00000E+00  0.00000E+00  0.00000E+00  0.00000E+00  0.00000E+00  0.33154E-01  0.63308E-01  0.54216E-01  0.34170E-01  0.96755E-02 
  0.41300E+03  0.00000E+00  0.00000E+00  0.00000E+00  0.00000E+00  0.00000E+00  0.00000E+00  0.34419E-01  0.63455E-01  0.54216E-01  0.34170E-01  0.96755E-02 
  0.41400E+03  0.00000E+00  0.00000E+00  0.00000E+00  0.00000E+00  0.00000E+00  0.00000E+00  0.35608E-01  0.63592E-01  0.54216E-01  0.34170E-01  0.96755E-02 
  0.41500E+03  0.00000E+00  0.00000E+00  0.00000E+00  0.00000E+00  0.00000E+00  0.00000E+00  0.36727E-01  0.63719E-01  0.54216E-01  0.34170E-01  0.96755E-02 
  0.41600E+03  0.00000E+00  0.00000E+00  0.00000E+00  0.00000E+00  0.00000E+00  0.00000E+00  0.37780E-01  0.63838E-01  0.54216E-01  0.34170E-01  0.96755E-02 
  0.41700E+03  0.00000E+00  0.00000E+00  0.00000E+00  0.00000E+00  0.00000E+00  0.00000E+00  0.38772E-01  0.63948E-01  0.54216E-01  0.34170E-01  0.96755E-02 
  0.41800E+03  0.00000E+00  0.00000E+00  0.00000E+00  0.00000E+00  0.00000E+00  0.00000E+00  0.39706E-01  0.64051E-01  0.54216E-01  0.34170E-01  0.96755E-02 
  0.41900E+03  0.00000E+00  0.00000E+00  0.00000E+00  0.00000E+00  0.00000E+00  0.00000E+00  0.40585E-01  0.64147E-01  0.54216E-01  0.34170E-01  0.96755E-02 
  0.42000E+03  0.00000E+00  0.00000E+00  0.00000E+00  0.00000E+00  0.00000E+00  0.00000E+00  0.41415E-01  0.64237E-01  0.54216E-01  0.34170E-01  0.96755E-02 
  0.42100E+03  0.00000E+00  0.00000E+00  0.00000E+00  0.00000E+00  0.00000E+00  0.00000E+00  0.42197E-01  0.64320E-01  0.54216E-01  0.34170E-01  0.96755E-02 
  0.42200E+03  0.00000E+00  0.00000E+00  0.00000E+00  0.00000E+00  0.00000E+00  0.00000E+00  0.42935E-01  0.64398E-01  0.54216E-01  0.34170E-01  0.96755E-02 
  0.42300E+03  0.00000E+00  0.00000E+00  0.00000E+00  0.00000E+00  0.00000E+00  0.00000E+00  0.43631E-01  0.64470E-01  0.54216E-01  0.34170E-01  0.96755E-02 
  0.42400E+03  0.00000E+00  0.00000E+00  0.00000E+00  0.00000E+00  0.00000E+00  0.00000E+00  0.44288E-01  0.64538E-01  0.54216E-01  0.34170E-01  0.96755E-02 
  0.42500E+03  0.00000E+00  0.00000E+00  0.00000E+00  0.00000E+00  0.00000E+00  0.00000E+00  0.44909E-01  0.64601E-01  0.54216E-01  0.34170E-01  0.96755E-02 
  0.42600E+03  0.00000E+00  0.00000E+00  0.00000E+00  0.00000E+00  0.00000E+00  0.00000E+00  0.45495E-01  0.64660E-01  0.54216E-01  0.34170E-01  0.96755E-02 
  0.42700E+03  0.00000E+00  0.00000E+00  0.00000E+00  0.00000E+00  0.00000E+00  0.43038E-06  0.46048E-01  0.64661E-01  0.54216E-01  0.34170E-01  0.96755E-02 
  0.42800E+03  0.00000E+00  0.00000E+00  0.00000E+00  0.00000E+00  0.00000E+00  0.22250E-02  0.46571E-01  0.64661E-01  0.54216E-01  0.34170E-01  0.96755E-02 
  0.42900E+03  0.00000E+00  0.00000E+00  0.00000E+00  0.00000E+00  0.00000E+00  0.43486E-02  0.47065E-01  0.64661E-01  0.54216E-01  0.34170E-01  0.96755E-02 
  0.43000E+03  0.00000E+00  0.00000E+00  0.00000E+00  0.00000E+00  0.00000E+00  0.63755E-02  0.47532E-01  0.64661E-01  0.54216E-01  0.34170E-01  0.96755E-02 
  0.43100E+03  0.00000E+00  0.00000E+00  0.00000E+00  0.00000E+00  0.00000E+00  0.83103E-02  0.47973E-01  0.64661E-01  0.54216E-01  0.34170E-01  0.96755E-02 
  0.43200E+03  0.00000E+00  0.00000E+00  0.00000E+00  0.00000E+00  0.00000E+00  0.10158E-01  0.48390E-01  0.64661E-01  0.54216E-01  0.34170E-01  0.96755E-02 
  0.43300E+03  0.00000E+00  0.00000E+00  0.00000E+00  0.00000E+00  0.00000E+00  0.11921E-01  0.48785E-01  0.64661E-01  0.54216E-01  0.34170E-01  0.96755E-02 
  0.43400E+03  0.00000E+00  0.00000E+00  0.00000E+00  0.00000E+00  0.00000E+00  0.13606E-01  0.49157E-01  0.64661E-01  0.54216E-01  0.34170E-01  0.96755E-02 
  0.43500E+03  0.00000E+00  0.00000E+00  0.00000E+00  0.00000E+00  0.00000E+00  0.15214E-01  0.49510E-01  0.64661E-01  0.54216E-01  0.34170E-01  0.96755E-02 
  0.43600E+03  0.00000E+00  0.00000E+00  0.00000E+00  0.00000E+00  0.00000E+00  0.16751E-01  0.49843E-01  0.64661E-01  0.54216E-01  0.34170E-01  0.96755E-02 
  0.43700E+03  0.00000E+00  0.00000E+00  0.00000E+00  0.00000E+00  0.00000E+00  0.18218E-01  0.50158E-01  0.64661E-01  0.54216E-01  0.34170E-01  0.96755E-02 
  0.43800E+03  0.00000E+00  0.00000E+00  0.00000E+00  0.00000E+00  0.00000E+00  0.19620E-01  0.50456E-01  0.64661E-01  0.54216E-01  0.34170E-01  0.96755E-02 
  0.43900E+03  0.00000E+00  0.00000E+00  0.00000E+00  0.00000E+00  0.00000E+00  0.20959E-01  0.50737E-01  0.64661E-01  0.54216E-01  0.34170E-01  0.96755E-02 
  0.44000E+03  0.00000E+00  0.00000E+00  0.00000E+00  0.00000E+00  0.00000E+00  0.22238E-01  0.51004E-01  0.64661E-01  0.54216E-01  0.34170E-01  0.96755E-02 
  0.44100E+03  0.00000E+00  0.00000E+00  0.00000E+00  0.00000E+00  0.00000E+00  0.23460E-01  0.51256E-01  0.64661E-01  0.54216E-01  0.34170E-01  0.96755E-02 
  0.44200E+03  0.00000E+00  0.00000E+00  0.00000E+00  0.00000E+00  0.00000E+00  0.24628E-01  0.51494E-01  0.64661E-01  0.54216E-01  0.34170E-01  0.96755E-02 
  0.44300E+03  0.00000E+00  0.00000E+00  0.00000E+00  0.00000E+00  0.00000E+00  0.25743E-01  0.51719E-01  0.64661E-01  0.54216E-01  0.34170E-01  0.96755E-02 
  0.44400E+03  0.00000E+00  0.00000E+00  0.00000E+00  0.00000E+00  0.00000E+00  0.26808E-01  0.51932E-01  0.64661E-01  0.54216E-01  0.34170E-01  0.96755E-02 
  0.44500E+03  0.00000E+00  0.00000E+00  0.00000E+00  0.00000E+00  0.00000E+00  0.27826E-01  0.52134E-01  0.64661E-01  0.54216E-01  0.34170E-01  0.96755E-02 
  0.44600E+03  0.00000E+00  0.00000E+00  0.00000E+00  0.00000E+00  0.00000E+00  0.28798E-01  0.52324E-01  0.64661E-01  0.54216E-01  0.34170E-01  0.96755E-02 
  0.44700E+03  0.00000E+00  0.00000E+00  0.00000E+00  0.00000E+00  0.00000E+00  0.29727E-01  0.52505E-01  0.64661E-01  0.54216E-01  0.34170E-01  0.96755E-02 
  0.44800E+03  0.00000E+00  0.00000E+00  0.00000E+00  0.00000E+00  0.00000E+00  0.30615E-01  0.52675E-01  0.64661E-01  0.54216E-01  0.34170E-01  0.96755E-02 
  0.44900E+03  0.00000E+00  0.00000E+00  0.00000E+00  0.00000E+00  0.00000E+00  0.31463E-01  0.52836E-01  0.64661E-01  0.54216E-01  0.34170E-01  0.96755E-02 
  0.45000E+03  0.00000E+00  0.00000E+00  0.00000E+00  0.00000E+00  0.00000E+00  0.32274E-01  0.52989E-01  0.64661E-01  0.54216E-01  0.34170E-01  0.96755E-02 
  0.45100E+03  0.00000E+00  0.00000E+00  0.00000E+00  0.00000E+00  0.00000E+00  0.33048E-01  0.53133E-01  0.64661E-01  0.54216E-01  0.34170E-01  0.96755E-02 
  0.45200E+03  0.00000E+00  0.00000E+00  0.00000E+00  0.00000E+00  0.00000E+00  0.33788E-01  0.53270E-01  0.64661E-01  0.54216E-01  0.34170E-01  0.96755E-02 
  0.45300E+03  0.00000E+00  0.00000E+00  0.00000E+00  0.00000E+00  0.00000E+00  0.34495E-01  0.53399E-01  0.64661E-01  0.54216E-01  0.34170E-01  0.96755E-02 
  0.45400E+03  0.00000E+00  0.00000E+00  0.00000E+00  0.00000E+00  0.00000E+00  0.35170E-01  0.53521E-01  0.64661E-01  0.54216E-01  0.34170E-01  0.96755E-02 
  0.45500E+03  0.00000E+00  0.00000E+00  0.00000E+00  0.00000E+00  0.00000E+00  0.35816E-01  0.53636E-01  0.64661E-01  0.54216E-01  0.34170E-01  0.96755E-02 
  0.45600E+03  0.00000E+00  0.00000E+00  0.00000E+00  0.00000E+00  0.00000E+00  0.36432E-01  0.53746E-01  0.64661E-01  0.54216E-01  0.34170E-01  0.96755E-02 
  0.45700E+03  0.00000E+00  0.00000E+00  0.00000E+00  0.00000E+00  0.36930E-06  0.37021E-01  0.53849E-01  0.64661E-01  0.54216E-01  0.34170E-01  0.96755E-02 
  0.45800E+03  0.00000E+00  0.00000E+00  0.00000E+00  0.00000E+00  0.17389E-02  0.37584E-01  0.53849E-01  0.64661E-01  0.54216E-01  0.34170E-01  0.96755E-02 
  0.45900E+03  0.00000E+00  0.00000E+00  0.00000E+00  0.00000E+00  0.34146E-02  0.38122E-01  0.53849E-01  0.64661E-01  0.54216E-01  0.34170E-01  0.96755E-02 
  0.46000E+03  0.00000E+00  0.00000E+00  0.00000E+00  0.00000E+00  0.50293E-02  0.38635E-01  0.53849E-01  0.64661E-01  0.54216E-01  0.34170E-01  0.96755E-02 
  0.46100E+03  0.00000E+00  0.00000E+00  0.00000E+00  0.00000E+00  0.65852E-02  0.39126E-01  0.53849E-01  0.64661E-01  0.54216E-01  0.34170E-01  0.96755E-02 
  0.46200E+03  0.00000E+00  0.00000E+00  0.00000E+00  0.00000E+00  0.80845E-02  0.39596E-01  0.53849E-01  0.64661E-01  0.54216E-01  0.34170E-01  0.96755E-02 
  0.46300E+03  0.00000E+00  0.00000E+00  0.00000E+00  0.00000E+00  0.95292E-02  0.40044E-01  0.53849E-01  0.64661E-01  0.54216E-01  0.34170E-01  0.96755E-02 
  0.46400E+03  0.00000E+00  0.00000E+00  0.00000E+00  0.00000E+00  0.10921E-01  0.40472E-01  0.53849E-01  0.64661E-01  0.54216E-01  0.34170E-01  0.96755E-02 
  0.46500E+03  0.00000E+00  0.00000E+00  0.00000E+00  0.00000E+00  0.12263E-01  0.40882E-01  0.53849E-01  0.64661E-01  0.54216E-01  0.34170E-01  0.96755E-02 
  0.46600E+03  0.00000E+00  0.00000E+00  0.00000E+00  0.00000E+00  0.13556E-01  0.41273E-01  0.53849E-01  0.64661E-01  0.54216E-01  0.34170E-01  0.96755E-02 
  0.46700E+03  0.00000E+00  0.00000E+00  0.00000E+00  0.00000E+00  0.14801E-01  0.41647E-01  0.53849E-01  0.64661E-01  0.54216E-01  0.34170E-01  0.96755E-02 
  0.46800E+03  0.00000E+00  0.00000E+00  0.00000E+00  0.00000E+00  0.16002E-01  0.42004E-01  0.53849E-01  0.64661E-01  0.54216E-01  0.34170E-01  0.96755E-02 
  0.46900E+03  0.00000E+00  0.00000E+00  0.00000E+00  0.00000E+00  0.17158E-01  0.42345E-01  0.53849E-01  0.64661E-01  0.54216E-01  0.34170E-01  0.96755E-02 
  0.47000E+03  0.00000E+00  0.00000E+00  0.00000E+00  0.00000E+00  0.18273E-01  0.42671E-01  0.53849E-01  0.64661E-01  0.54216E-01  0.34170E-01  0.96755E-02 
  0.47100E+03  0.00000E+00  0.00000E+00  0.00000E+00  0.00000E+00  0.19347E-01  0.42983E-01  0.53849E-01  0.64661E-01  0.54216E-01  0.34170E-01  0.96755E-02 
  0.47200E+03  0.00000E+00  0.00000E+00  0.00000E+00  0.00000E+00  0.20382E-01  0.43281E-01  0.53849E-01  0.64661E-01  0.54216E-01  0.34170E-01  0.96755E-02 
  0.47300E+03  0.00000E+00  0.00000E+00  0.00000E+00  0.00000E+00  0.21380E-01  0.43565E-01  0.53849E-01  0.64661E-01  0.54216E-01  0.34170E-01  0.96755E-02 
  0.47400E+03  0.00000E+00  0.00000E+00  0.00000E+00  0.00000E+00  0.22341E-01  0.43837E-01  0.53849E-01  0.64661E-01  0.54216E-01  0.34170E-01  0.96755E-02 
  0.47500E+03  0.00000E+00  0.00000E+00  0.00000E+00  0.00000E+00  0.23268E-01  0.44097E-01  0.53849E-01  0.64661E-01  0.54216E-01  0.34170E-01  0.96755E-02 
  0.47600E+03  0.00000E+00  0.00000E+00  0.00000E+00  0.00000E+00  0.24160E-01  0.44345E-01  0.53849E-01  0.64661E-01  0.54216E-01  0.34170E-01  0.96755E-02 
  0.47700E+03  0.00000E+00  0.00000E+00  0.00000E+00  0.00000E+00  0.25020E-01  0.44583E-01  0.53849E-01  0.64661E-01  0.54216E-01  0.34170E-01  0.96755E-02 
  0.47800E+03  0.00000E+00  0.00000E+00  0.00000E+00  0.00000E+00  0.25849E-01  0.44809E-01  0.53849E-01  0.64661E-01  0.54216E-01  0.34170E-01  0.96755E-02 
  0.47900E+03  0.00000E+00  0.00000E+00  0.00000E+00  0.00000E+00  0.26648E-01  0.45026E-01  0.53849E-01  0.64661E-01  0.54216E-01  0.34170E-01  0.96755E-02 
  0.48000E+03  0.00000E+00  0.00000E+00  0.00000E+00  0.00000E+00  0.27418E-01  0.45233E-01  0.53849E-01  0.64661E-01  0.54216E-01  0.34170E-01  0.96755E-02 
  0.48100E+03  0.00000E+00  0.00000E+00  0.00000E+00  0.00000E+00  0.28159E-01  0.45431E-01  0.53849E-01  0.64661E-01  0.54216E-01  0.34170E-01  0.96755E-02 
  0.48200E+03  0.00000E+00  0.00000E+00  0.00000E+00  0.00000E+00  0.28874E-01  0.45620E-01  0.53849E-01  0.64661E-01  0.54216E-01  0.34170E-01  0.96755E-02 
  0.48300E+03  0.00000E+00  0.00000E+00  0.00000E+00  0.00000E+00  0.29562E-01  0.45800E-01  0.53849E-01  0.64661E-01  0.54216E-01  0.34170E-01  0.96755E-02 
  0.48400E+03  0.00000E+00  0.00000E+00  0.00000E+00  0.00000E+00  0.30226E-01  0.45973E-01  0.53849E-01  0.64661E-01  0.54216E-01  0.34170E-01  0.96755E-02 
  0.48500E+03  0.00000E+00  0.00000E+00  0.00000E+00  0.00000E+00  0.30866E-01  0.46138E-01  0.53849E-01  0.64661E-01  0.54216E-01  0.34170E-01  0.96755E-02 
  0.48600E+03  0.00000E+00  0.00000E+00  0.00000E+00  0.00000E+00  0.31482E-01  0.46295E-01  0.53849E-01  0.64661E-01  0.54216E-01  0.34170E-01  0.96755E-02 
  0.48700E+03  0.00000E+00  0.00000E+00  0.00000E+00  0.38947E-06  0.32075E-01  0.46446E-01  0.53849E-01  0.64661E-01  0.54216E-01  0.34170E-01  0.96755E-02 
  0.48800E+03  0.00000E+00  0.00000E+00  0.00000E+00  0.13258E-02  0.32647E-01  0.46446E-01  0.53849E-01  0.64661E-01  0.54216E-01  0.34170E-01  0.96755E-02 
  0.48900E+03  0.00000E+00  0.00000E+00  0.00000E+00  0.26109E-02  0.33198E-01  0.46446E-01  0.53849E-01  0.64661E-01  0.54216E-01  0.34170E-01  0.96755E-02 
  0.49000E+03  0.00000E+00  0.00000E+00  0.00000E+00  0.38564E-02  0.33730E-01  0.46446E-01  0.53849E-01  0.64661E-01  0.54216E-01  0.34170E-01  0.96755E-02 
  0.49100E+03  0.00000E+00  0.00000E+00  0.00000E+00  0.50636E-02  0.34242E-01  0.46446E-01  0.53849E-01  0.64661E-01  0.54216E-01  0.34170E-01  0.96755E-02 
  0.49200E+03  0.00000E+00  0.00000E+00  0.00000E+00  0.62337E-02  0.34735E-01  0.46446E-01  0.53849E-01  0.64661E-01  0.54216E-01  0.34170E-01  0.96755E-02 
  0.49300E+03  0.00000E+00  0.00000E+00  0.00000E+00  0.73678E-02  0.35211E-01  0.46446E-01  0.53849E-01  0.64661E-01  0.54216E-01  0.34170E-01  0.96755E-02 
  0.49400E+03  0.00000E+00  0.00000E+00  0.00000E+00  0.84669E-02  0.35669E-01  0.46446E-01  0.53849E-01  0.64661E-01  0.54216E-01  0.34170E-01  0.96755E-02 
  0.49500E+03  0.00000E+00  0.00000E+00  0.00000E+00  0.95322E-02  0.36111E-01  0.46446E-01  0.53849E-01  0.64661E-01  0.54216E-01  0.34170E-01  0.96755E-02 
  0.49600E+03  0.00000E+00  0.00000E+00  0.00000E+00  0.10565E-01  0.36536E-01  0.46446E-01  0.53849E-01  0.64661E-01  0.54216E-01  0.34170E-01  0.96755E-02 
  0.49700E+03  0.00000E+00  0.00000E+00  0.00000E+00  0.11566E-01  0.36946E-01  0.46446E-01  0.53849E-01  0.64661E-01  0.54216E-01  0.34170E-01  0.96755E-02 
  0.49800E+03  0.00000E+00  0.00000E+00  0.00000E+00  0.12535E-01  0.37341E-01  0.46446E-01  0.53849E-01  0.64661E-01  0.54216E-01  0.34170E-01  0.96755E-02 
  0.49900E+03  0.00000E+00  0.00000E+00  0.00000E+00  0.13476E-01  0.37722E-01  0.46446E-01  0.53849E-01  0.64661E-01  0.54216E-01  0.34170E-01  0.96755E-02 
  0.50000E+03  0.00000E+00  0.00000E+00  0.00000E+00  0.14387E-01  0.38089E-01  0.46446E-01  0.53849E-01  0.64661E-01  0.54216E-01  0.34170E-01  0.96755E-02 
  0.50100E+03  0.00000E+00  0.00000E+00  0.00000E+00  0.15270E-01  0.38442E-01  0.46446E-01  0.53849E-01  0.64661E-01  0.54216E-01  0.34170E-01  0.96755E-02 
  0.50200E+03  0.00000E+00  0.00000E+00  0.00000E+00  0.16126E-01  0.38783E-01  0.46446E-01  0.53849E-01  0.64661E-01  0.54216E-01  0.34170E-01  0.96755E-02 
  0.50300E+03  0.00000E+00  0.00000E+00  0.00000E+00  0.16956E-01  0.39111E-01  0.46446E-01  0.53849E-01  0.64661E-01  0.54216E-01  0.34170E-01  0.96755E-02 
  0.50400E+03  0.00000E+00  0.00000E+00  0.00000E+00  0.17760E-01  0.39428E-01  0.46446E-01  0.53849E-01  0.64661E-01  0.54216E-01  0.34170E-01  0.96755E-02 
  0.50500E+03  0.00000E+00  0.00000E+00  0.00000E+00  0.18539E-01  0.39732E-01  0.46446E-01  0.53849E-01  0.64661E-01  0.54216E-01  0.34170E-01  0.96755E-02 
  0.50600E+03  0.00000E+00  0.00000E+00  0.00000E+00  0.19295E-01  0.40026E-01  0.46446E-01  0.53849E-01  0.64661E-01  0.54216E-01  0.34170E-01  0.96755E-02 
  0.50700E+03  0.00000E+00  0.00000E+00  0.00000E+00  0.20027E-01  0.40309E-01  0.46446E-01  0.53849E-01  0.64661E-01  0.54216E-01  0.34170E-01  0.96755E-02 
  0.50800E+03  0.00000E+00  0.00000E+00  0.00000E+00  0.20737E-01  0.40582E-01  0.46446E-01  0.53849E-01  0.64661E-01  0.54216E-01  0.34170E-01  0.96755E-02 
  0.50900E+03  0.00000E+00  0.00000E+00  0.00000E+00  0.21425E-01  0.40845E-01  0.46446E-01  0.53849E-01  0.64661E-01  0.54216E-01  0.34170E-01  0.96755E-02 
  0.51000E+03  0.00000E+00  0.00000E+00  0.00000E+00  0.22091E-01  0.41099E-01  0.46446E-01  0.53849E-01  0.64661E-01  0.54216E-01  0.34170E-01  0.96755E-02 
  0.51100E+03  0.00000E+00  0.00000E+00  0.00000E+00  0.22738E-01  0.41343E-01  0.46446E-01  0.53849E-01  0.64661E-01  0.54216E-01  0.34170E-01  0.96755E-02 
  0.51200E+03  0.00000E+00  0.00000E+00  0.00000E+00  0.23364E-01  0.41578E-01  0.46446E-01  0.53849E-01  0.64661E-01  0.54216E-01  0.34170E-01  0.96755E-02 
  0.51300E+03  0.00000E+00  0.00000E+00  0.00000E+00  0.23971E-01  0.41805E-01  0.46446E-01  0.53849E-01  0.64661E-01  0.54216E-01  0.34170E-01  0.96755E-02 
  0.51400E+03  0.00000E+00  0.00000E+00  0.00000E+00  0.24560E-01  0.42023E-01  0.46446E-01  0.53849E-01  0.64661E-01  0.54216E-01  0.34170E-01  0.96755E-02 
  0.51500E+03  0.00000E+00  0.00000E+00  0.00000E+00  0.25130E-01  0.42234E-01  0.46446E-01  0.53849E-01  0.64661E-01  0.54216E-01  0.34170E-01  0.96755E-02 
  0.51600E+03  0.00000E+00  0.00000E+00  0.00000E+00  0.25683E-01  0.42437E-01  0.46446E-01  0.53849E-01  0.64661E-01  0.54216E-01  0.34170E-01  0.96755E-02 
  0.51700E+03  0.00000E+00  0.00000E+00  0.45134E-06  0.26218E-01  0.42632E-01  0.46446E-01  0.53849E-01  0.64661E-01  0.54216E-01  0.34170E-01  0.96755E-02 
  0.51800E+03  0.00000E+00  0.00000E+00  0.89467E-03  0.26737E-01  0.42632E-01  0.46446E-01  0.53849E-01  0.64661E-01  0.54216E-01  0.34170E-01  0.96755E-02 
  0.51900E+03  0.00000E+00  0.00000E+00  0.17656E-02  0.27240E-01  0.42632E-01  0.46446E-01  0.53849E-01  0.64661E-01  0.54216E-01  0.34170E-01  0.96755E-02 
  0.52000E+03  0.00000E+00  0.00000E+00  0.26132E-02  0.27728E-01  0.42632E-01  0.46446E-01  0.53849E-01  0.64661E-01  0.54216E-01  0.34170E-01  0.96755E-02 
  0.52100E+03  0.00000E+00  0.00000E+00  0.34382E-02  0.28201E-01  0.42632E-01  0.46446E-01  0.53849E-01  0.64661E-01  0.54216E-01  0.34170E-01  0.96755E-02 
  0.52200E+03  0.00000E+00  0.00000E+00  0.42412E-02  0.28659E-01  0.42632E-01  0.46446E-01  0.53849E-01  0.64661E-01  0.54216E-01  0.34170E-01  0.96755E-02 
  0.52300E+03  0.00000E+00  0.00000E+00  0.50228E-02  0.29103E-01  0.42632E-01  0.46446E-01  0.53849E-01  0.64661E-01  0.54216E-01  0.34170E-01  0.96755E-02 
  0.52400E+03  0.00000E+00  0.00000E+00  0.57836E-02  0.29534E-01  0.42632E-01  0.46446E-01  0.53849E-01  0.64661E-01  0.54216E-01  0.34170E-01  0.96755E-02 
  0.52500E+03  0.00000E+00  0.00000E+00  0.65240E-02  0.29951E-01  0.42632E-01  0.46446E-01  0.53849E-01  0.64661E-01  0.54216E-01  0.34170E-01  0.96755E-02 
  0.52600E+03  0.00000E+00  0.00000E+00  0.72447E-02  0.30355E-01  0.42632E-01  0.46446E-01  0.53849E-01  0.64661E-01  0.54216E-01  0.34170E-01  0.96755E-02 
  0.52700E+03  0.00000E+00  0.00000E+00  0.79462E-02  0.30747E-01  0.42632E-01  0.46446E-01  0.53849E-01  0.64661E-01  0.54216E-01  0.34170E-01  0.96755E-02 
  0.52800E+03  0.00000E+00  0.00000E+00  0.86290E-02  0.31127E-01  0.42632E-01  0.46446E-01  0.53849E-01  0.64661E-01  0.54216E-01  0.34170E-01  0.96755E-02 
  0.52900E+03  0.00000E+00  0.00000E+00  0.92935E-02  0.31495E-01  0.42632E-01  0.46446E-01  0.53849E-01  0.64661E-01  0.54216E-01  0.34170E-01  0.96755E-02 
  0.53000E+03  0.00000E+00  0.00000E+00  0.99403E-02  0.31852E-01  0.42632E-01  0.46446E-01  0.53849E-01  0.64661E-01  0.54216E-01  0.34170E-01  0.96755E-02 
  0.53100E+03  0.00000E+00  0.00000E+00  0.10570E-01  0.32198E-01  0.42632E-01  0.46446E-01  0.53849E-01  0.64661E-01  0.54216E-01  0.34170E-01  0.96755E-02 
  0.53200E+03  0.00000E+00  0.00000E+00  0.11183E-01  0.32533E-01  0.42632E-01  0.46446E-01  0.53849E-01  0.64661E-01  0.54216E-01  0.34170E-01  0.96755E-02 
  0.53300E+03  0.00000E+00  0.00000E+00  0.11779E-01  0.32858E-01  0.42632E-01  0.46446E-01  0.53849E-01  0.64661E-01  0.54216E-01  0.34170E-01  0.96755E-02 
  0.53400E+03  0.00000E+00  0.00000E+00  0.12360E-01  0.33172E-01  0.42632E-01  0.46446E-01  0.53849E-01  0.64661E-01  0.54216E-01  0.34170E-01  0.96755E-02 
  0.53500E+03  0.00000E+00  0.00000E+00  0.12925E-01  0.33478E-01  0.42632E-01  0.46446E-01  0.53849E-01  0.64661E-01  0.54216E-01  0.34170E-01  0.96755E-02 
  0.53600E+03  0.00000E+00  0.00000E+00  0.13475E-01  0.33774E-01  0.42632E-01  0.46446E-01  0.53849E-01  0.64661E-01  0.54216E-01  0.34170E-01  0.96755E-02 
  0.53700E+03  0.00000E+00  0.00000E+00  0.14010E-01  0.34060E-01  0.42632E-01  0.46446E-01  0.53849E-01  0.64661E-01  0.54216E-01  0.34170E-01  0.96755E-02 
  0.53800E+03  0.00000E+00  0.00000E+00  0.14531E-01  0.34338E-01  0.42632E-01  0.46446E-01  0.53849E-01  0.64661E-01  0.54216E-01  0.34170E-01  0.96755E-02 
  0.53900E+03  0.00000E+00  0.00000E+00  0.15038E-01  0.34607E-01  0.42632E-01  0.46446E-01  0.53849E-01  0.64661E-01  0.54216E-01  0.34170E-01  0.96755E-02 
  0.54000E+03  0.00000E+00  0.00000E+00  0.15532E-01  0.34869E-01  0.42632E-01  0.46446E-01  0.53849E-01  0.64661E-01  0.54216E-01  0.34170E-01  0.96755E-02 
  0.54100E+03  0.00000E+00  0.00000E+00  0.16013E-01  0.35122E-01  0.42632E-01  0.46446E-01  0.53849E-01  0.64661E-01  0.54216E-01  0.34170E-01  0.96755E-02 
  0.54200E+03  0.00000E+00  0.00000E+00  0.16480E-01  0.35367E-01  0.42632E-01  0.46446E-01  0.53849E-01  0.64661E-01  0.54216E-01  0.34170E-01  0.96755E-02 
  0.54300E+03  0.00000E+00  0.00000E+00  0.16936E-01  0.35605E-01  0.42632E-01  0.46446E-01  0.53849E-01  0.64661E-01  0.54216E-01  0.34170E-01  0.96755E-02 
  0.54400E+03  0.00000E+00  0.00000E+00  0.17379E-01  0.35835E-01  0.42632E-01  0.46446E-01  0.53849E-01  0.64661E-01  0.54216E-01  0.34170E-01  0.96755E-02 
  0.54500E+03  0.00000E+00  0.00000E+00  0.17810E-01  0.36058E-01  0.42632E-01  0.46446E-01  0.53849E-01  0.64661E-01  0.54216E-01  0.34170E-01  0.96755E-02 
  0.54600E+03  0.00000E+00  0.00000E+00  0.18230E-01  0.36275E-01  0.42632E-01  0.46446E-01  0.53849E-01  0.64661E-01  0.54216E-01  0.34170E-01  0.96755E-02 
  0.54700E+03  0.00000E+00  0.45167E-06  0.18638E-01  0.36484E-01  0.42632E-01  0.46446E-01  0.53849E-01  0.64661E-01  0.54216E-01  0.34170E-01  0.96755E-02 
  0.54800E+03  0.00000E+00  0.82610E-03  0.19036E-01  0.36484E-01  0.42632E-01  0.46446E-01  0.53849E-01  0.64661E-01  0.54216E-01  0.34170E-01  0.96755E-02 
  0.54900E+03  0.00000E+00  0.16319E-02  0.19423E-01  0.36484E-01  0.42632E-01  0.46446E-01  0.53849E-01  0.64661E-01  0.54216E-01  0.34170E-01  0.96755E-02 
  0.55000E+03  0.00000E+00  0.24177E-02  0.19800E-01  0.36484E-01  0.42632E-01  0.46446E-01  0.53849E-01  0.64661E-01  0.54216E-01  0.34170E-01  0.96755E-02 
  0.55100E+03  0.00000E+00  0.31841E-02  0.20167E-01  0.36484E-01  0.42632E-01  0.46446E-01  0.53849E-01  0.64661E-01  0.54216E-01  0.34170E-01  0.96755E-02 
  0.55200E+03  0.00000E+00  0.39316E-02  0.20523E-01  0.36484E-01  0.42632E-01  0.46446E-01  0.53849E-01  0.64661E-01  0.54216E-01  0.34170E-01  0.96755E-02 
  0.55300E+03  0.00000E+00  0.46606E-02  0.20871E-01  0.36484E-01  0.42632E-01  0.46446E-01  0.53849E-01  0.64661E-01  0.54216E-01  0.34170E-01  0.96755E-02 
  0.55400E+03  0.00000E+00  0.53717E-02  0.21209E-01  0.36484E-01  0.42632E-01  0.46446E-01  0.53849E-01  0.64661E-01  0.54216E-01  0.34170E-01  0.96755E-02 
  0.55500E+03  0.00000E+00  0.60652E-02  0.21538E-01  0.36484E-01  0.42632E-01  0.46446E-01  0.53849E-01  0.64661E-01  0.54216E-01  0.34170E-01  0.96755E-02 
  0.55600E+03  0.00000E+00  0.67416E-02  0.21859E-01  0.36484E-01  0.42632E-01  0.46446E-01  0.53849E-01  0.64661E-01  0.54216E-01  0.34170E-01  0.96755E-02 
  0.55700E+03  0.00000E+00  0.74012E-02  0.22171E-01  0.36484E-01  0.42632E-01  0.46446E-01  0.53849E-01  0.64661E-01  0.54216E-01  0.34170E-01  0.96755E-02 
  0.55800E+03  0.00000E+00  0.80445E-02  0.22474E-01  0.36484E-01  0.42632E-01  0.46446E-01  0.53849E-01  0.64661E-01  0.54216E-01  0.34170E-01  0.96755E-02 
  0.55900E+03  0.00000E+00  0.86720E-02  0.22769E-01  0.36484E-01  0.42632E-01  0.46446E-01  0.53849E-01  0.64661E-01  0.54216E-01  0.34170E-01  0.96755E-02 
  0.56000E+03  0.00000E+00  0.92839E-02  0.23057E-01  0.36484E-01  0.42632E-01  0.46446E-01  0.53849E-01  0.64661E-01  0.54216E-01  0.34170E-01  0.96755E-02 
  0.56100E+03  0.00000E+00  0.98808E-02  0.23337E-01  0.36484E-01  0.42632E-01  0.46446E-01  0.53849E-01  0.64661E-01  0.54216E-01  0.34170E-01  0.96755E-02 
  0.56200E+03  0.00000E+00  0.10463E-01  0.23609E-01  0.36484E-01  0.42632E-01  0.46446E-01  0.53849E-01  0.64661E-01  0.54216E-01  0.34170E-01  0.96755E-02 
  0.56300E+03  0.00000E+00  0.11031E-01  0.23874E-01  0.36484E-01  0.42632E-01  0.46446E-01  0.53849E-01  0.64661E-01  0.54216E-01  0.34170E-01  0.96755E-02 
  0.56400E+03  0.00000E+00  0.11584E-01  0.24133E-01  0.36484E-01  0.42632E-01  0.46446E-01  0.53849E-01  0.64661E-01  0.54216E-01  0.34170E-01  0.96755E-02 
  0.56500E+03  0.00000E+00  0.12124E-01  0.24384E-01  0.36484E-01  0.42632E-01  0.46446E-01  0.53849E-01  0.64661E-01  0.54216E-01  0.34170E-01  0.96755E-02 
  0.56600E+03  0.00000E+00  0.12651E-01  0.24628E-01  0.36484E-01  0.42632E-01  0.46446E-01  0.53849E-01  0.64661E-01  0.54216E-01  0.34170E-01  0.96755E-02 
  0.56700E+03  0.00000E+00  0.13165E-01  0.24866E-01  0.36484E-01  0.42632E-01  0.46446E-01  0.53849E-01  0.64661E-01  0.54216E-01  0.34170E-01  0.96755E-02 
  0.56800E+03  0.00000E+00  0.13666E-01  0.25098E-01  0.36484E-01  0.42632E-01  0.46446E-01  0.53849E-01  0.64661E-01  0.54216E-01  0.34170E-01  0.96755E-02 
  0.56900E+03  0.00000E+00  0.14155E-01  0.25323E-01  0.36484E-01  0.42632E-01  0.46446E-01  0.53849E-01  0.64661E-01  0.54216E-01  0.34170E-01  0.96755E-02 
  0.57000E+03  0.00000E+00  0.14631E-01  0.25543E-01  0.36484E-01  0.42632E-01  0.46446E-01  0.53849E-01  0.64661E-01  0.54216E-01  0.34170E-01  0.96755E-02 
  0.57100E+03  0.00000E+00  0.15096E-01  0.25756E-01  0.36484E-01  0.42632E-01  0.46446E-01  0.53849E-01  0.64661E-01  0.54216E-01  0.34170E-01  0.96755E-02 
  0.57200E+03  0.00000E+00  0.15550E-01  0.25964E-01  0.36484E-01  0.42632E-01  0.46446E-01  0.53849E-01  0.64661E-01  0.54216E-01  0.34170E-01  0.96755E-02 
  0.57300E+03  0.00000E+00  0.15992E-01  0.26167E-01  0.36484E-01  0.42632E-01  0.46446E-01  0.53849E-01  0.64661E-01  0.54216E-01  0.34170E-01  0.96755E-02 
  0.57400E+03  0.00000E+00  0.16423E-01  0.26364E-01  0.36484E-01  0.42632E-01  0.46446E-01  0.53849E-01  0.64661E-01  0.54216E-01  0.34170E-01  0.96755E-02 
  0.57500E+03  0.00000E+00  0.16844E-01  0.26556E-01  0.36484E-01  0.42632E-01  0.46446E-01  0.53849E-01  0.64661E-01  0.54216E-01  0.34170E-01  0.96755E-02 
  0.57600E+03  0.00000E+00  0.17254E-01  0.26742E-01  0.36484E-01  0.42632E-01  0.46446E-01  0.53849E-01  0.64661E-01  0.54216E-01  0.34170E-01  0.96755E-02 
  0.57700E+03  0.38318E-06  0.17654E-01  0.26924E-01  0.36484E-01  0.42632E-01  0.46446E-01  0.53849E-01  0.64661E-01  0.54216E-01  0.34170E-01  0.96755E-02 
  0.57800E+03  0.63608E-03  0.18044E-01  0.26924E-01  0.36484E-01  0.42632E-01  0.46446E-01  0.53849E-01  0.64661E-01  0.54216E-01  0.34170E-01  0.96755E-02 
  0.57900E+03  0.12565E-02  0.18425E-01  0.26924E-01  0.36484E-01  0.42632E-01  0.46446E-01  0.53849E-01  0.64661E-01  0.54216E-01  0.34170E-01  0.96755E-02 
  0.58000E+03  0.18617E-02  0.18796E-01  0.26924E-01  0.36484E-01  0.42632E-01  0.46446E-01  0.53849E-01  0.64661E-01  0.54216E-01  0.34170E-01  0.96755E-02 
  0.58100E+03  0.24518E-02  0.19158E-01  0.26924E-01  0.36484E-01  0.42632E-01  0.46446E-01  0.53849E-01  0.64661E-01  0.54216E-01  0.34170E-01  0.96755E-02 
  0.58200E+03  0.30274E-02  0.19511E-01  0.26924E-01  0.36484E-01  0.42632E-01  0.46446E-01  0.53849E-01  0.64661E-01  0.54216E-01  0.34170E-01  0.96755E-02 
  0.58300E+03  0.35887E-02  0.19856E-01  0.26924E-01  0.36484E-01  0.42632E-01  0.46446E-01  0.53849E-01  0.64661E-01  0.54216E-01  0.34170E-01  0.96755E-02 
  0.58400E+03  0.41362E-02  0.20191E-01  0.26924E-01  0.36484E-01  0.42632E-01  0.46446E-01  0.53849E-01  0.64661E-01  0.54216E-01  0.34170E-01  0.96755E-02 
  0.58500E+03  0.46702E-02  0.20519E-01  0.26924E-01  0.36484E-01  0.42632E-01  0.46446E-01  0.53849E-01  0.64661E-01  0.54216E-01  0.34170E-01  0.96755E-02 
  0.58600E+03  0.51910E-02  0.20839E-01  0.26924E-01  0.36484E-01  0.42632E-01  0.46446E-01  0.53849E-01  0.64661E-01  0.54216E-01  0.34170E-01  0.96755E-02 
  0.58700E+03  0.56990E-02  0.21150E-01  0.26924E-01  0.36484E-01  0.42632E-01  0.46446E-01  0.53849E-01  0.64661E-01  0.54216E-01  0.34170E-01  0.96755E-02 
  0.58800E+03  0.61944E-02  0.21454E-01  0.26924E-01  0.36484E-01  0.42632E-01  0.46446E-01  0.53849E-01  0.64661E-01  0.54216E-01  0.34170E-01  0.96755E-02 
  0.58900E+03  0.66775E-02  0.21751E-01  0.26924E-01  0.36484E-01  0.42632E-01  0.46446E-01  0.53849E-01  0.64661E-01  0.54216E-01  0.34170E-01  0.96755E-02 
  0.59000E+03  0.71487E-02  0.22040E-01  0.26924E-01  0.36484E-01  0.42632E-01  0.46446E-01  0.53849E-01  0.64661E-01  0.54216E-01  0.34170E-01  0.96755E-02 
  0.59100E+03  0.76083E-02  0.22322E-01  0.26924E-01  0.36484E-01  0.42632E-01  0.46446E-01  0.53849E-01  0.64661E-01  0.54216E-01  0.34170E-01  0.96755E-02 
  0.59200E+03  0.80565E-02  0.22597E-01  0.26924E-01  0.36484E-01  0.42632E-01  0.46446E-01  0.53849E-01  0.64661E-01  0.54216E-01  0.34170E-01  0.96755E-02 
  0.59300E+03  0.84936E-02  0.22865E-01  0.26924E-01  0.36484E-01  0.42632E-01  0.46446E-01  0.53849E-01  0.64661E-01  0.54216E-01  0.34170E-01  0.96755E-02 
  0.59400E+03  0.89200E-02  0.23126E-01  0.26924E-01  0.36484E-01  0.42632E-01  0.46446E-01  0.53849E-01  0.64661E-01  0.54216E-01  0.34170E-01  0.96755E-02 
  0.59500E+03  0.93358E-02  0.23381E-01  0.26924E-01  0.36484E-01  0.42632E-01  0.46446E-01  0.53849E-01  0.64661E-01  0.54216E-01  0.34170E-01  0.96755E-02 
  0.59600E+03  0.97414E-02  0.23630E-01  0.26924E-01  0.36484E-01  0.42632E-01  0.46446E-01  0.53849E-01  0.64661E-01  0.54216E-01  0.34170E-01  0.96755E-02 
  0.59700E+03  0.10137E-01  0.23873E-01  0.26924E-01  0.36484E-01  0.42632E-01  0.46446E-01  0.53849E-01  0.64661E-01  0.54216E-01  0.34170E-01  0.96755E-02 
  0.59800E+03  0.10523E-01  0.24110E-01  0.26924E-01  0.36484E-01  0.42632E-01  0.46446E-01  0.53849E-01  0.64661E-01  0.54216E-01  0.34170E-01  0.96755E-02 
  0.59900E+03  0.10899E-01  0.24340E-01  0.26924E-01  0.36484E-01  0.42632E-01  0.46446E-01  0.53849E-01  0.64661E-01  0.54216E-01  0.34170E-01  0.96755E-02 
  0.60000E+03  0.11266E-01  0.24566E-01  0.26924E-01  0.36484E-01  0.42632E-01  0.46446E-01  0.53849E-01  0.64661E-01  0.54216E-01  0.34170E-01  0.96755E-02 
