01/03-2020 0 0 0
02/03-2020 0 0 0
03/03-2020 0 0 0
04/03-2020 0 0 0
05/03-2020 0 0 0
06/03-2020 0 0 0
07/03-2020 0 0 0
08/03-2020 0 0 0
09/03-2020 0 0 0
10/03-2020 0 0 0
11/03-2020 0 0 0
12/03-2020 0 0 0
13/03-2020 0 0 0
14/03-2020 0 0 0
15/03-2020 0 0 0
16/03-2020 0 0 0
17/03-2020 0 0 0
18/03-2020 0 2972 771
19/03-2020 0 4073 1002
20/03-2020 0 5226 1297
21/03-2020 0 5900 1453
22/03-2020 0 6954 1674
23/03-2020 0 8673 2080
24/03-2020 0 10163 2503
25/03-2020 0 12072 2935
26/03-2020 0 13879 3351
27/03-2020 0 15701 3758
28/03-2020 0 17580 4236
29/03-2020 0 19311 4592
30/03-2020 0 20946 5056
31/03-2020 0 22672 5496
01/04-2020 0 24543 5940
02/04-2020 0 26131 6305
03/04-2020 6507 27302 6556
04/04-2020 7560 28003 6723
05/04-2020 8078 28747 6859
06/04-2020 8911 29569 6948
07/04-2020 10328 29871 7004
08/04-2020 10869 30217 7019
09/04-2020 12210 30608 6937
10/04-2020 13197 31108 6875
11/04-2020 13832 31159 6752
12/04-2020 14393 31665 6714
13/04-2020 14967 31952 6690
14/04-2020 15729 32131 6599
15/04-2020 17167 31623 6331
16/04-2020 17913 31172 6139
17/04-2020 18673 31061 5922
18/04-2020 19315 30515 5733
19/04-2020 19710 30486 5644
20/04-2020 20257 30462 5584
21/04-2020 20788 29984 5334
22/04-2020 21329 29627 5127
23/04-2020 21845 29113 4967
24/04-2020 22234 28554 4785
25/04-2020 22603 28119 4641
26/04-2020 22845 28114 4598
27/04-2020 23282 27954 4526
28/04-2020 23526 27607 4392
29/04-2020 24075 26736 4128
30/04-2020 24363 26192 3947
01/05-2020 24575 25809 3819
02/05-2020 24741 25751 3770
03/05-2020 24876 25739 3762
04/05-2020 25182 25472 3639
05/05-2020 25512 24701 3375
06/05-2020 25790 23912 3095
07/05-2020 25968 23139 2911
08/05-2020 26211 22657 2820
09/05-2020 26291 22547 2764
10/05-2020 26361 22502 2728
11/05-2020 26624 22219 2666
12/05-2020 26972 21530 2496
13/05-2020 27055 21009 2385
14/05-2020 27406 20401 2256
15/05-2020 27510 19801 2162
16/05-2020 27606 19372 2091
17/05-2020 28089 19302 2047
18/05-2020 28220 18956 1958
19/05-2020 28003 18409 1854
20/05-2020 28113 17882 1754
21/05-2020 28196 17527 1708
22/05-2020 28270 17327 1664
23/05-2020 28313 17122 1628
24/05-2020 28348 17129 1618
25/05-2020 28413 16742 1572
26/05-2020 28510 16209 1519
27/05-2020 28576 15627 1467
28/05-2020 28642 15155 1395
29/05-2020 28694 14643 1328
30/05-2020 28751 14329 1293
31/05-2020 28782 14271 1287
01/06-2020 28813 14237 1270
02/06-2020 28920 13978 1221
03/06-2020 29001 13465 1179
04/06-2020 29045 13054 1133
05/06-2020 29091 12650 1065
06/06-2020 29122 12433 1030
07/06-2020 29135 12415 1024
08/06-2020 29189 12269 995
09/06-2020 29276 11915 926
10/06-2020 29299 11632 904
11/06-2020 29326 11420 875
12/06-2020 29354 11079 851
13/06-2020 29378 10864 843
14/06-2020 29387 10836 841
15/06-2020 29416 10707 818
16/06-2020 29527 10490 792
17/06-2020 29555 10222 744
18/06-2020 29583 10080 724
19/06-2020 29597 9925 699
20/06-2020 29613 9792 687
21/06-2020 29620 9778 687
22/06-2020 29643 9648 673
23/06-2020 29700 9446 654
24/06-2020 29711 9254 630
25/06-2020 29732 9096 623
26/06-2020 29758 8841 606
27/06-2020 29773 8715 594
28/06-2020 29775 8727 594
29/06-2020 29793 8643 591
30/06-2020 29823 8491 574
01/07-2020 29841 8291 554
02/07-2020 29855 8103 545
03/07-2020 29873 7946 533
04/07-2020 29885 7863 517
05/07-2020 29887 7863 521
06/07-2020 29900 7806 521
07/07-2020 29913 7550 511
08/07-2020 29945 7254 503
09/07-2020 29959 7134 486
10/07-2020 29984 7020 471
11/07-2020 29990 6995 470
12/07-2020 29991 6991 473
13/07-2020 30009 6941 467
14/07-2020 30015 6907 465
15/07-2020 30100 6873 457
16/07-2020 30118 6754 456
17/07-2020 30132 6646 452
18/07-2020 30140 6614 450
19/07-2020 30141 6583 448
20/07-2020 30157 6547 442
21/07-2020 30145 6440 430
22/07-2020 30152 6324 420
23/07-2020 30162 5915 411
24/07-2020 30172 5678 385
25/07-2020 30180 5634 368
26/07-2020 30181 5640 367
27/07-2020 30189 5614 374
28/07-2020 30203 5510 361
29/07-2020 30218 5409 356
30/07-2020 30234 5334 357
31/07-2020 30245 5257 347
01/08-2020 30251 5177 344
02/08-2020 30252 5188 345
03/08-2020 30274 5157 360
04/08-2020 30276 5121 364
05/08-2020 30285 5107 360
06/08-2020 30292 5019 366
07/08-2020 30304 4970 359
08/08-2020 30306 4981 366
09/08-2020 30306 4992 368
10/08-2020 30320 5004 372
11/08-2020 30334 4971 367
12/08-2020 30351 4850 355
13/08-2020 30368 4824 351
14/08-2020 30386 4788 344
15/08-2020 30389 4817 353
16/08-2020 30390 4820 353
17/08-2020 30409 4885 361
18/08-2020 30431 4783 357
19/08-2020 30448 4781 362
20/08-2020 30460 4723 368
21/08-2020 30483 4720 367
22/08-2020 30491 4685 368
23/08-2020 30492 4683 371
24/08-2020 30507 4664 387
25/08-2020 30522 4578 401
26/08-2020 30540 4535 373
27/08-2020 30552 4517 375
28/08-2020 30572 4517 381
29/08-2020 30578 4512 394
30/08-2020 30582 4517 396
31/08-2020 30611 4564 403
01/09-2020 30637 4586 418
02/09-2020 30662 4614 440
03/09-2020 30682 4625 458
04/09-2020 30662 4653 467
05/09-2020 30674 4667 476
06/09-2020 30677 4697 480
07/09-2020 30702 4889 531
08/09-2020 30740 4942 568
09/09-2020 30770 4985 593
10/09-2020 30789 5077 608
11/09-2020 30869 5136 628
12/09-2020 30886 5176 655
13/09-2020 30892 5228 662
14/09-2020 30926 5479 705
15/09-2020 30975 5660 752
16/09-2020 31021 5800 796
17/09-2020 31071 5825 793
18/09-2020 31225 5800 820
19/09-2020 31250 5493 827
20/09-2020 31261 5356 834
21/09-2020 31314 5597 912
22/09-2020 31392 5777 944
23/09-2020 31435 5913 995
24/09-2020 31487 6012 1041
25/09-2020 31637 6110 1092
26/09-2020 31676 6154 1105
27/09-2020 31703 6235 1112
28/09-2020 31784 6397 1158
29/09-2020 31869 6482 1198
30/09-2020 31932 6572 1232
01/10-2020 31995 6634 1259
02/10-2020 32131 6740 1270
03/10-2020 32174 6740 1289
04/10-2020 32206 6964 1335
05/10-2020 32275 7276 1409
06/10-2020 32341 7377 1417
07/10-2020 32421 7514 1406
08/10-2020 32497 7603 1418
09/10-2020 32606 7843 1439
10/10-2020 32660 7976 1456
11/10-2020 32706 8231 1483
12/10-2020 32801 8671 1539
13/10-2020 32909 8928 1633
14/10-2020 33013 9173 1664
15/10-2020 33101 9584 1741
16/10-2020 33279 10021 1791
17/10-2020 33368 10399 1868
18/10-2020 33453 10897 1939
19/10-2020 33599 11640 2090
20/10-2020 33861 12435 2168
21/10-2020 34024 13162 2239
22/10-2020 34186 14009 2310
23/10-2020 34484 14985 2432
24/10-2020 34621 15637 2491
25/10-2020 34737 16454 2575
26/10-2020 34994 17761 2761
27/10-2020 35517 18955 2909
28/10-2020 35761 20184 3036
29/10-2020 35996 21160 3147
30/10-2020 36541 22153 3368
31/10-2020 36764 23013 3443
01/11-2020 36995 24008 3569
02/11-2020 37411 25120 3721
03/11-2020 38265 26242 3869
04/11-2020 38650 27511 4080
05/11-2020 39013 28403 4221
06/11-2020 39841 28955 4321
07/11-2020 40145 29396 4410
08/11-2020 40415 30217 4527
09/11-2020 40963 31098 4677
10/11-2020 42183 31477 4736
11/11-2020 42511 31918 4789
12/11-2020 42936 32654 4884
13/11-2020 43868 32676 4887
14/11-2020 44222 32468 4855
15/11-2020 44524 33050 4880
16/11-2020 45030 33466 4903
17/11-2020 46249 33139 4838
18/11-2020 46674 32811 4759
19/11-2020 47103 32314 4637
20/11-2020 48241 31875 4566
21/11-2020 48494 31365 4493
22/11-2020 48708 31522 4491
23/11-2020 49208 31449 4438
24/11-2020 50212 30594 4277
25/11-2020 50593 29944 4136
26/11-2020 50932 29282 4006
27/11-2020 51889 28620 3871
28/11-2020 52102 28139 3765
29/11-2020 52300 28284 3744
30/11-2020 52706 28229 3739
01/12-2020 53481 27611 3594
02/12-2020 53790 26986 3478
03/12-2020 54114 26675 3415
04/12-2020 54741 26283 3283
05/12-2020 54955 26040 3220
06/12-2020 55129 26262 3210
07/12-2020 55495 26333 3188
08/12-2020 56326 25882 3078
09/12-2020 56622 25526 3031
10/12-2020 56914 25199 2949
11/12-2020 57541 24943 2874
12/12-2020 57735 24948 2851
13/12-2020 57885 25207 2861
14/12-2020 58256 25449 2896
15/12-2020 59046 25207 2871
16/12-2020 59335 25282 2840
17/12-2020 59593 25149 2798
18/12-2020 60203 24945 2764
19/12-2020 60392 24819 2718
20/12-2020 60523 24961 2745
21/12-2020 60874 25201 2737
22/12-2020 61676 24932 2719
23/12-2020 61952 24852 2701
24/12-2020 62242 24607 2643
25/12-2020 62401 24359 2616
26/12-2020 62547 24444 2640
27/12-2020 62720 24620 2650
28/12-2020 63083 24645 2694
29/12-2020 64052 24743 2666
30/12-2020 64355 24560 2652
31/12-2020 64606 24407 2625
01/01-2021 64739 24263 2609
02/01-2021 64895 24458 2632
03/01-2021 65011 24780 2665
04/01-2021 65389 24962 2657
05/01-2021 66256 24871 2616
06/01-2021 66539 24708 2607
07/01-2021 66815 24488 2573
08/01-2021 67405 24377 2606
09/01-2021 67573 24240 2600
10/01-2021 67724 24526 2620
11/01-2021 68421 24812 2666
12/01-2021 68776 24703 2678
13/01-2021 69005 24735 2701
14/01-2021 0     24983 2716
15/01-2021 0   25009 2730
16/01-2021 0   24985 2731
17/01-2021 0   25235 2766
18/01-2021 0   25584 2803
19/01-2021 0   25532 2829
20/01-2021 0   25650 2842
21/01-2021 0   25699 2866
22/01-2021 72621 25872 2902
23/01-2021 72851 25864 2886
24/01-2021 73023 26357 2955
25/01-2021 73468 26888 3031
26/01-2021 74080 27005 3071
27/01-2021 74430 27131 3097
28/01-2021 74774 27128 3101
29/01-2021 75594 27270 3120
30/01-2021 75836 27242 3103
31/01-2021 76031 27573 3148
01/02-2021 76486 27874 3218
02/02-2021 77212 28029 3270
03/02-2021 77569 27953 3267
04/02-2021 77926 27766 3240
05/02-2021 78577 27572 3235
06/02-2021 78768 27327 3215
07/02-2021 78939 27652 3262
08/02-2021 79397 27995 3353
09/02-2021 80121 27634 3332
10/02-2021 80417 27417 3309
11/02-2021 80777 26963 3327
12/02-2021 81422 26424 3298
13/02-2021 81621 26196 3294
14/02-2021 81788 26401 3299
15/02-2021 82200 26478 3371
16/02-2021 82786 26195 3338
17/02-2021 83096 25929 3340
18/02-2021 83367 25717 3384
19/02-2021 83938 25506 3380
20/02-2021 84121 25269 3369
21/02-2021 84280 25464 3392
22/02-2021 84613 25831 3407
23/02-2021 85044 25660 3435
24/02-2021 85321 25614 3436
25/02-2021 85582 25317 3430
26/02-2021 86121 25130 3445
27/02-2021 86306 24989 3453
28/02-2021 86428 25280 3492
01/03-2021 86803 25430 3544
02/03-2021 87220 25263 3586
03/03-2021 87542 25111 3637
04/03-2021 87835 24891 3633
05/03-2021 88274 24765 3680
06/03-2021 88444 24625 3689
07/03-2021 88574 24818 3743
08/03-2021 88933 25195 3849
09/03-2021 89301 25201 3918
10/03-2021 89632 24969 3918
11/03-2021 89897 24858 3992
12/03-2021 90120 24749 4033
13/03-2021 90289 24671 4070
14/03-2021 90429 24989 4127
15/03-2021 90762 25469 4219
16/03-2021 91170 25492 4239
17/03-2021 91411 25314 4219
18/03-2021 91679 25389 4246
19/03-2021 91964 25339 4287
20/03-2021 92140 25537 4353
21/03-2021 92278 25926 4406
22/03-2021 92621 26488 4548
23/03-2021 92908 26756 4634
24/03-2021 93153 26876 4651
25/03-2021 93378 27036 4709
26/03-2021 94275 27242 4766
27/03-2021 94465 27259 4791
28/03-2021 94596 27712 4872
29/03-2021 94956 28322 4974
30/03-2021 95337 28510 5072
31/03-2021 95640 28463 5053
01/04-2021 95948 28581 5109
02/04-2021 96280 28729 5254
03/04-2021 96465 28886 5273
04/04-2021 96650 29356 5341
05/04-2021 96847 29907 5433
06/04-2021 97273 30639 5626
07/04-2021 97694 30904 5729
08/04-2021 98037 30555 5705
09/04-2021 98367 30326 5757
10/04-2021 98574 30238 5769
11/04-2021 98750 30671 5838
12/04-2021 99135 31262 5916
13/04-2021 99480 31226 5952
14/04-2021 99777 30868 5902
15/04-2021 100073 30668 5924
16/04-2021 100404 30472 5914
17/04-2021 100593 30329 5877
18/04-2021 100733 30789 5893
19/04-2021 101180 31214 5970
20/04-2021 101568 31086 5984
21/04-2021 101881 30954 5959
22/04-2021 102164 30634 5981
23/04-2021 102496 30438 5962
24/04-2021 102713 30100 5958
25/04-2021 102858 30287 5978
26/04-2021 103256 30596 6001
27/04-2021 103603 30281 5943
28/04-2021 103918 29911 5879
29/04-2021 104224 29487 5804
30/04-2021 104514 28930 5675
01/05-2021 104706 28603 5581
02/05-2021 104819 28818 5585
03/05-2021 105130 28950 5630
04/05-2021 105387 28427 5504
05/05-2021 105631 27686 5402
06/05-2021 105850 26985 5231
07/05-2021 106101 26331 5106
08/05-2021 106277 25800 5005
09/05-2021 106392 25797 4971
10/05-2021 106684 25666 4870
11/05-2021 106935 25028 4743
12/05-2021 107119 24254 4583
13/05-2021 107250 23656 4442
14/05-2021 107423 23406 4352
15/05-2021 107535 22950 4271
16/05-2021 107616 22963 4255
17/05-2021 107812 22749 4186
18/05-2021 108040 22058 4015
19/05-2021 108181 21347 3862
20/05-2021 108314 20750 3769
21/05-2021 108437 20209 3631
22/05-2021 108526 19765 3544
23/05-2021 108596 19720 3515
24/05-2021 108658 19701 3496
25/05-2021 108879 19430 3447
26/05-2021 109023 18593 3330
27/05-2021 109165 17941 3206
28/05-2021 109290 17272 3104
29/05-2021 109358 16847 3028
30/05-2021 109402 16775 2993
31/05-2021 109528 16596 2945
01/06-2021 109662 16088 2825
02/06-2021 109758 15638 2754
03/06-2021 109828 15283 2677
04/06-2021 109916 14801 2571
05/06-2021 109973 14532 2525
06/06-2021 109998 14525 2527
07/06-2021 110062 14323 2472
08/06-2021 110137 13984 2394
09/06-2021 110202 13526 2326
10/06-2021 110270 13090 2245
11/06-2021 110344 12712 2163
12/06-2021 110378 12496 2110
13/06-2021 110391 12480 2106
14/06-2021 110454 12374 2068
