42979	40692
43020	41260
44091	41914
45806	43392
46111	44592
46816	45077
47660	45127
47208	45375
47211	45330
47650	45775
47717	46013
46688	45036
45190	43484
43348	42043
41881	40175
41786	40115
41479	39975
42183	40657
44144	41984
47192	44971
48078	45450
49760	47087
52478	48336
54276	50361
55778	51411
56587	52029
58017	53543
59365	55028
59679	55798
58454	55083
55808	52343
53549	51324
53403	51734
55228	53142
56034	54250
56740	54993
56997	55409
59120	56898
60393	58684
60878	58878
59104	57522
58324	56347
57669	55956
56530	54458
55885	53863
52933	51610
51864	50081
51797	50421
53772	52038
54176	52723
53296	52359
53525	52977
55543	54768
59072	57814
63250	62344
64452	63386
64824	64272
64076	63274
65065	64557
63924	64435
63323	64107
62977	63253
61202	61850
58557	59026
57592	58530
55040	56341
52068	53346
50273	51522
49015	50574
46850	48573
45536	47938
43728	46492
42691	45231
38606	41497
35809	38813
33055	36338
30648	33861
27783	31396
25332	29283
22259	26648
20376	24841
18480	22938
16321	21026
15156	20400
13694	18998
12274	17739
11377	16869
10076	15910
8614	14617
7030	12749
5749	10816
4501	9632
3571	7790
2760	6768
1907	5753
1393	4663
982	3313
629	2327
498	1612
326	1132
360	2199
