27/02-2020    0    47      3
28/02-2020    0    52      7
29/02-2020    0    54     20
01/03-2020    0    63     33
02/03-2020    0    73     80
03/03-2020    0    79    120
04/03-2020    0    91    161
05/03-2020    0   100    202
06/03-2020    1   115    234
07/03-2020    2   125    279
08/03-2020    4   147    351
09/03-2020    4   171    428
10/03-2020    5   193    565
11/03-2020    7   239    733
12/03-2020   10   307    920
13/03-2020   16   372   1141
14/03-2020   26   427   1363
15/03-2020   40   494   1597
16/03-2020   64   635   1868
17/03-2020   87   742   2240
18/03-2020  106   907   2700
19/03-2020  150  1132   3217
20/03-2020  206  1360   3915
21/03-2020  269  1502   4585
22/03-2020  330  1651   5127
23/03-2020  416  2033   5747
24/03-2020  493  2334   6873
25/03-2020  607  2641   7924
26/03-2020  731  2926   8978
27/03-2020  844  3257  10157
28/03-2020  997  3271  11149
29/03-2020 1120  3276  11897
30/03-2020 1273  3484  12706
31/03-2020 1448  3509  13837
01/04-2020 1610  3430  14881
02/04-2020 1783  3467  15915
03/04-2020 1955  3496  17142
04/04-2020 2124  3309  18242
05/04-2020 2286  3290  19102
06/04-2020 2452  3396  19875
07/04-2020 2603  3289  20966
08/04-2020 2753  3152  22316
09/04-2020 2871  2991  23634
10/04-2020 3028  2914  25033
11/04-2020 3168  2710  26093
12/04-2020 3312  2640  26920
13/04-2020 3441  2632  27678
14/04-2020 3571  2632  28496
15/04-2020 3695  2532  29612
16/04-2020 3832  2408  30786
17/04-2020 3961  2349  32065
18/04-2020 4078  2166  33062
19/04-2020 4192  2114  33688
20/04-2020 4287  2139  34280
21/04-2020 4415  2078  34991
22/04-2020 4532  1945  35967
23/04-2020 4636  1868  36769
24/04-2020 4728  1809  37433
25/04-2020 4809  1656  38007
26/04-2020 4887  1603  38388
27/04-2020 4962  1574  38562
28/04-2020 5032  1581  38957
29/04-2020 5091  1502  39415
30/04-2020 5158  1457  39921
01/05-2020 5211  1376  40415
02/05-2020 5266  1246  40732
03/05-2020 5310  1219  40909
04/05-2020 5367  1255  41191
05/05-2020 5401  1132  41443
06/05-2020 5454  1123  41748
07/05-2020 5498  1077  42047
08/05-2020 5537  1041  42375
09/05-2020 5576   968  42628
10/05-2020 5601   944  42780
11/05-2020 5634   969  42949
12/05-2020 5667   904  43167
13/05-2020 5693   863  43468
14/05-2020 5714   820  43652
15/05-2020 5737   793  43864
16/05-2020 5757   729  44022
17/05-2020 5773   741  44130
18/05-2020 5787   770  44234
19/05-2020 5806   711  44414
20/05-2020 5828   696  44712
21/05-2020 5839   642  44902
22/05-2020 5860   655  45097
23/05-2020 5876   600  45302
24/05-2020 5887   611  45452
25/05-2020 5902   633  45574
26/05-2020 5921   610  45750
27/05-2020 5936   585  45939
28/05-2020 5941   565  46147
29/05-2020 5951   564  46308
30/05-2020 5955   545  46473
