09/03-2020    1  20      12 
10/03-2020    1  22      17 
11/03-2020    1  34      19 
12/03-2020    1  45      19 
13/03-2020    2  53      31 
14/03-2020    2  61      34 
15/03-2020    2  76      45 
16/03-2020    2  85      56 
17/03-2020    2  107     68 
18/03-2020    2  134     79 
19/03-2020    3  147     97 
20/03-2020    3  180    128 
21/03-2020    4  202    158 
22/03-2020    4  214    266 
23/03-2020    4  254    301 
24/03-2020    6  273    387 
25/03-2020    8  292    387 
26/03-2020    9  298    502 
27/03-2020   13  321    589 
28/03-2020   18  323    690 
29/03-2020   19  350    745 
30/03-2020   23  375    820 
31/03-2020   27  387   1054 
01/04-2020   28  387   1054 
02/04-2020   36  412   1133 
03/04-2020   39  409   1265 
04/04-2020   43  398   1451 
05/04-2020   44  389   1451 
06/04-2020   48  385   1554 
07/04-2020   56  374   1628 
08/04-2020   63  365   1715 
09/04-2020   72  350   1795 
10/04-2020   82  350   1975 
11/04-2020   83  363   1975 
12/04-2020   90  380   2142 
13/04-2020   97  396   2208 
14/04-2020  102  405   2277 
15/04-2020  111  408   2443 
16/04-2020  115  396   2571
17/04-2020  123  404   2669 
18/04-2020  129  400   2758 
19/04-2020  132  408   2839 
20/04-2020  136  432   2941 
21/04-2020  147  459   3031 
22/04-2020  152  478   3144 
23/04-2020  165  492   3435 
24/04-2020  176  465   3607 
25/04-2020  185  434   3780 
26/04-2020  192  429   3892 
27/04-2020  197  406   4003 
28/04-2020  207  396   4127 
29/04-2020  214  382   4285 
30/04-2020  218  388   4428 
01/05-2020  225  370   4532 
02/05-2020  237  352   4681 
03/05-2020  246  330   4783 
04/05-2020  260  332   4887 
05/05-2020  264  311   5020 
06/05-2020  273  305   5208 
07/05-2020  282  319   5371 
08/05-2020  293  316   5611
09/05-2020  300  315   5776
10/05-2020  305  311   6034
11/05-2020  314  344   6278
12/05-2020  319  334   6563
13/05-2020  329  330   6879
14/05-2020  353  335   7134
15/05-2020  356  338   7479
16/05-2020  363  340   7805
17/05-2020  373  342   8068
18/05-2020  382  330   8371
19/05-2020  393    0   8809
20/05-2020  403    0   9283
21/05-2020  416    0   9931
22/05-2020  433    0  10649
23/05-2020  445    0  11353
24/05-2020  452    0  12076
25/05-2020  467    0  12628
26/05-2020  484    0  13228
27/05-2020  500    0  13933
28/05-2020  508    0  14702
29/05-2020  520    0  15419
30/05-2020  528    0  16214
31/05-2020  539    0  16851
01/06-2020  556    0  17415
02/06-2020  569    0  18319
