09/03-2020    0   002    228
10/03-2020    0   009    405
11/03-2020    0   014    631
12/03-2020    2   029    805
13/03-2020    2   033    996
14/03-2020    3   039   1108
15/03-2020    3   050   1259
16/03-2020    3   058   1354
17/03-2020    3   074   1479
18/03-2020    6   086   1609
19/03-2020    7   104   1789
20/03-2020    7   130   1992
21/03-2020    7   154   2206
22/03-2020    8   173   2413
23/03-2020   12   199   2651
24/03-2020   13   212   2918
25/03-2020   14   240   3170
26/03-2020   17   265   3398
27/03-2020   22   302   3780
28/03-2020   25   292   4056
29/03-2020   31   314   4293
30/03-2020   37   322   4464   
31/03-2020   43   317   4684
01/04-2020   47   324   4876
02/04-2020   54   316   5132
03/04-2020   61   319   5361
04/04-2020   69   309   5546
05/04-2020   75   308   5659
06/04-2020   82   312   5766
07/04-2020   91   279   5903
08/04-2020  108   248   6006
09/04-2020  111   252   6162
10/04-2020  116   231   6319
11/04-2020  127   214   6409
12/04-2020  133   215   6409
13/04-2020  139   203   6565
14/04-2020  145   201   6623
15/04-2020  152   192   6741
16/04-2020  157   177   6848
17/04-2020  164   165   6937
18/04-2020  171   151   7036
19/04-2020  179   158   7061
20/04-2020  184   162   7127
21/04-2020  186   143   7191
22/04-2020  188   131   7191
23/04-2020  197   124   7275
24/04-2020  201   118   7444
25/04-2020  202   116   7493
26/04-2020  204   122   7511
27/04-2020  207   126   7554
28/04-2020  207   118   7619
29/04-2020  208   115   7680
30/04-2020  211    98   7738
01/05-2020  213    84   7770
02/05-2020  214    85   7801
03/05-2020  214    80   7833
04/05-2020  214    84   7884
05/05-2020  215    70   7928
06/05-2020  216    61   7975
07/05-2020  218    62   8015
08/05-2020  219    61   8054
09/05-2020  221    58   8084
10/05-2020  222    59   8102
11/05-2020  224    58   8121
12/05-2020  226    57   8152
13/05-2020  229    62   8168
14/05-2020  232    59   8187
15/05-2020  232    58   8206
16/05-2020  232    50   8226
17/05-2020  233    51   8242
18/05-2020  233    51   8255
19/05-2020  233    50   8264
20/05-2020  233    50   8267
