Age ranges:  0-5       6-10      11-19     20-29     30-39     40-49     50-59     60-69     70-79     80-89     90-105   
 0-5            1.00      0.90      0.90      0.80      1.00      0.50      0.50      0.40      0.30      0.30      0.30
 6-12           0.50      2.00      1.50      0.90      1.00      1.00      0.50      0.40      0.30      0.30      0.30
 13-19          0.50      1.50      2.00      0.90      1.00      1.00      0.50      0.40      0.30      0.30      0.30
 20-29          0.50      1.00      1.00      1.20      1.00      1.00      0.90      0.50      0.40      0.30      0.30
 30-39          0.80      1.00      1.00      0.90      1.10      0.90      0.90      0.50      0.40      0.30      0.30
 40-49          0.50      1.00      1.00      1.00      1.00      1.10      0.90      0.50      0.40      0.30      0.30
 50-59          0.50      0.60      0.60      0.90      0.90      0.90      1.00      0.70      0.50      0.50      0.50
 60-69          0.50      0.60      0.60      0.80      0.90      1.00      1.00      1.00      0.50      0.50      0.50
 70-79          0.50      0.60      0.60      0.60      0.50      1.00      0.90      0.90      1.10      1.10      1.10
 80-89          0.50      0.60      0.60      0.60      0.50      1.00      0.90      0.90      1.10      1.10      1.10
 90-105         0.50      0.60      0.60      0.60      0.50      1.00      0.90      0.90      1.10      1.10      1.10
