27/02-2020    0     6      3
28/02-2020    0     7      7
29/02-2020    0     8     19
01/03-2020    0    10     32
02/03-2020    0     9     79
03/03-2020    0    10    119
04/03-2020    0    13    160
05/03-2020    0    14    201
06/03-2020    1    17    233
07/03-2020    2    19    278
08/03-2020    4    25    350
09/03-2020    4    29    427
10/03-2020    5    35    564
11/03-2020    7    45    732
12/03-2020   10    66    919
13/03-2020   16    77   1140
14/03-2020   26    93   1362
15/03-2020   40   117   1596
16/03-2020   64   146   1867
17/03-2020   87   174   2239
18/03-2020  106   224   2699
19/03-2020  150   285   3216
20/03-2020  206   359   3914
21/03-2020  269   428   4584
22/03-2020  330   480   5126
23/03-2020  416   572   5746
24/03-2020  493   653   6872
25/03-2020  606   753   7923
26/03-2020  730   837   8977
27/03-2020  843   923  10160
28/03-2020  996   989  11151
29/03-2020 1119  1037  11899
30/03-2020 1273  1126  12709
31/03-2020 1448  1190  13842
01/04-2020 1609  1207  14886
02/04-2020 1782  1250  15920
03/04-2020 1954  1280  17148
04/04-2020 2122  1282  18249
05/04-2020 2283  1302  19109
06/04-2020 2449  1310  19884
07/04-2020 2600  1314  20975
08/04-2020 2750  1287  22326
09/04-2020 2868  1282  23644
10/04-2020 3024  1287  25043
11/04-2020 3164  1254  26105
12/04-2020 3308  1236  26932
13/04-2020 3437  1223  27690
14/04-2020 3568  1195  28508
15/04-2020 3689  1170  29624
16/04-2020 3826  1138  30799
17/04-2020 3955  1108  32078
18/04-2020 4072  1061  33075
19/04-2020 4186  1032  33701
20/04-2020 4281  1012  34293
21/04-2020 4408   975  35005
22/04-2020 4524   918  35982
23/04-2020 4628   877  36784
24/04-2020 4720   861  37448
25/04-2020 4800   832  38022
26/04-2020 4876   808  38403
27/04-2020 4950   786  38577
28/04-2020 5020   763  38973
29/04-2020 5078   734  39432
30/04-2020 5144   708  39938
01/05-2020 5197   673  40432
02/05-2020 5250   633  40749
03/05-2020 5293   620  40926
04/05-2020 5350   610  41208
05/05-2020 5384   570  41460
06/05-2020 5437   544  41765
07/05-2020 5481   524  42065
08/05-2020 5520   494  42393
09/05-2020 5558   471  42646
10/05-2020 5581   456  42798
11/05-2020 5613   450  42966
12/05-2020 5645   410  43184
13/05-2020 5671   390  43486
14/05-2020 5692   367  43670
15/05-2020 5711   353  43883
16/05-2020 5729   337  44041
17/05-2020 5744   331  44149
18/05-2020 5757   326  44252
19/05-2020 5772   296  44431
20/05-2020 5791   286  44728
21/05-2020 5801   268  44917
22/05-2020 5816   252  45109
23/05-2020 5819   239  45297
24/05-2020 5821   242  45427
25/05-2020 5822   234  51483
