05/03/2020 000005 000000 000345
06/03/2020 000006 000000 000392
07/03/2020 000006 000000 000442
08/03/2020 000008 000000 000567
09/03/2020 000013 000000 000792
10/03/2020 000015 000000 001157
11/03/2020 000021 000000 001578
12/03/2020 000032 000000 001968
13/03/2020 000047 000000 002283
14/03/2020 000066 000000 002680
15/03/2020 000094 000000 003226
16/03/2020 000137 000000 003904
17/03/2020 000189 000472 004814
18/03/2020 000254 000759 005745
19/03/2020 000323 001197 006827
20/03/2020 000429 001541 007861
21/03/2020 000550 002156 009068
22/03/2020 000718 002588 011084
23/03/2020 000904 003097 013102
24/03/2020 001137 003492 015365
25/03/2020 001430 004304 017977
26/03/2020 001797 005304 020631
27/03/2020 002205 006245 023003
28/03/2020 002648 007017 025439
29/03/2020 003171 008143 028929
30/03/2020 003784 009498 032680
31/03/2020 004518 010767 036767
01/04/2020 005330 011589 040777
02/04/2020 006214 011309 044817
03/04/2020 007127 012841 048143
04/04/2020 008127 014576 051170
05/04/2020 009176 015607 055507
06/04/2020 010179 015946 060009
07/04/2020 011307 016563 064262
08/04/2020 012567 016784 068290
09/04/2020 013717 016355 071821
10/04/2020 014861 017024 074825
11/04/2020 016043 016881 077519
12/04/2020 017224 017172 080859
13/04/2020 018277 016722 084304
14/04/2020 019339 016540 087931
15/04/2020 020419 015917 091379
16/04/2020 021544 015685 094824
17/04/2020 022618 014733 097400
18/04/2020 023624 014868 099489
19/04/2020 024579 014841 102574
20/04/2020 025550 014690 105571
21/04/2020 026445 014487 108352
22/04/2020 027361 014022 111117
23/04/2020 028236 013507 113896
24/04/2020 029084 012920 115713
25/04/2020 029837 012411 117115
26/04/2020 030581 012286 119340
27/04/2020 031286 012356 121640
28/04/2020 031966 011772 124011
29/04/2020 032654 011531 126133
30/04/2020 033294 011253 128098
01/05/2020 033937 010970 129353
02/05/2020 034507 010719 130326
03/05/2020 035048 010559 131963
04/05/2020 035596 010438 133581
05/05/2020 036117 010204 135022
06/05/2020 036621 009782 136470
07/05/2020 037133 009281 137495
08/05/2020 037597 008904 138387
09/05/2020 038041 008876 139110
10/05/2020 038440 008617 140352
11/05/2020 038775 008819 141451
12/05/2020 039133 008560 142525
13/05/2020 039470 008365 143447
14/05/2020 039794 008029 144366
15/05/2020 040096 007902 145019
