     1        1.800        0.200
     2        1.796        0.200
     3        1.787        0.200
     4        1.772        0.200
     5        1.751        0.200
     6        1.723        0.200
     7        1.691        0.200
     8        1.654        0.200
     9        1.611        0.200
    10        1.566        0.200
    11        1.517        0.200
    12        1.465        0.200
    13        1.411        0.200
    14        1.356        0.200
    15        1.300        0.200
    16        1.244        0.200
    17        1.189        0.200
    18        1.135        0.200
    19        1.083        0.200
    20        1.034        0.200
    21        0.988        0.200
    22        0.946        0.200
    23        0.909        0.200
    24        0.877        0.200
    25        0.850        0.200
    26        0.828        0.100
    27        0.813        0.100
    28        0.803        0.100
    29        0.800        0.100
    30        0.800        0.100
    31        0.800        0.100
    32        0.800        0.100
    33        0.800        0.100
    34        0.800        0.100
    35        0.800        0.100
    36        0.800        0.100
    37        0.800        0.100
    38        0.800        0.100
    39        0.800        0.100
    40        0.800        0.100
    41        0.800        0.150
    42        0.800        0.200
    43        0.800        0.200
    44        0.800        0.200
    45        0.800        0.200
    46        0.800        0.200
    47        0.800        0.200
    48        0.800        0.200
    49        0.800        0.200
    50        0.800        0.200
    51        0.800        0.200
    52        0.800        0.200
    53        0.800        0.200
    54        0.800        0.200
    55        0.800        0.200
    56        0.800        0.200
    57        0.800        0.200
    58        0.800        0.200
    59        0.800        0.200
    60        0.800        0.200
    61        0.800        0.200
    62        0.800        0.250
    63        0.800        0.250
    64        0.800        0.250
    65        0.800        0.250
    66        0.800        0.250
    67        0.800        0.250
    68        0.800        0.250
    69        0.800        0.250
    70        0.800        0.300
    71        0.800        0.300
    72        0.800        0.300
    73        0.800        0.300
    74        0.800        0.300
    75        0.800        0.300
    76        0.800        0.350
    77        0.800        0.400
    78        0.800        0.400
    79        0.800        0.400
    80        0.800        0.400
    81        0.800        0.400
    82        0.800        0.400
    83        0.800        0.400
    84        0.800        0.400
    85        0.800        0.400
    86        0.800        0.400
    87        0.800        0.400
    88        0.800        0.400
    89        0.800        0.400
    90        0.800        0.450
    91        0.800        0.450
    92        0.800        0.450
    93        0.800        0.450
    94        0.800        0.450
    95        0.800        0.450
    96        0.800        0.450
    97        0.800        0.450
    98        0.800        0.450
    99        0.800        0.450
   100        0.800        0.450
   101        0.800        0.450
   102        0.800        0.450
   103        0.800        0.450
   104        0.800        0.450
   105        0.800        0.500
   106        0.800        0.550
   107        0.800        0.600
   108        0.800        0.650
   109        0.800        0.700
   110        0.800        0.750
   111        0.800        0.800
   112        0.800        0.800
   113        0.800        0.800
   114        0.800        0.800
   115        0.800        0.800
   116        0.800        0.800
   117        0.800        0.800
   118        0.800        0.800
   119        0.800        0.800
   120        0.800        0.800
   121        0.800        0.800
   122        0.800        0.800
   123        0.800        0.800
   124        0.800        0.800
   125        0.800        0.800
   126        0.800        0.800
   127        0.800        0.800
   128        0.800        0.800
   129        0.800        0.800
   130        0.800        0.800
   131        0.800        0.800
   132        0.800        0.800
   133        0.800        0.800
   134        0.800        0.800
   135        0.800        0.800
   136        0.800        0.800
   137        0.800        0.800
   138        0.800        0.800
   139        0.800        0.800
   140        0.800        0.800
   141        0.800        0.800
   142        0.800        0.800
   143        0.800        0.800
   144        0.800        0.800
   145        0.800        0.800
   146        0.800        0.800
   147        0.800        0.800
   148        0.800        0.800
   149        0.800        0.800
   150        0.800        0.800
   151        0.800        0.800
   152        0.800        0.800
   153        0.800        0.800
   154        0.800        0.800
   155        0.800        0.800
   156        0.800        0.800
   157        0.800        0.800
   158        0.800        0.800
   159        0.800        0.800
   160        0.800        0.800
   161        0.800        0.800
   162        0.800        0.800
   163        0.800        0.800
   164        0.800        0.800
   165        0.800        0.800
   166        0.800        0.800
