07/03-2020 0 0 59
08/03-2020 0 0 95
09/03-2020 0 3 143
10/03-2020 0 12 207
11/03-2020 0 34 293
12/03-2020 0 67 411
13/03-2020 0 113 578
14/03-2020 3 179 822
15/03-2020 8 267 1192
16/03-2020 17 373 1769
17/03-2020 24 500 2674
18/03-2020 41 654 4062
19/03-2020 65 857 6083
20/03-2020 97 1126 8812
21/03-2020 137 1485 12205
22/03-2020 176 1957 16140
23/03-2020 218 2564 20527
24/03-2020 315 3324 25376
25/03-2020 425 4228 30764
26/03-2020 551 5291 36751
27/03-2020 737 6514 43329
28/03-2020 1060 7903 50430
29/03-2020 1307 9408 57974
30/03-2020 1665 10944 65914
31/03-2020 2136 12390 74241
01/04-2020 2704 13752 82960
02/04-2020 3191 15052 92060
03/04-2020 4076 16305 101494
04/04-2020 4975 17383 111182
05/04-2020 5655 18239 121036
06/04-2020 6211 18885 130983
07/04-2020 7274 19397 140970
08/04-2020 8325 19745 150944
09/04-2020 9376 19849 160832
10/04-2020 10259 19657 170543
11/04-2020 11247 19228 180002
12/04-2020 12209 18605 189179
13/04-2020 13098 17857 198094
14/04-2020 14109 17026 206777
15/04-2020 15064 16154 215220
16/04-2020 15816 15315 223355
17/04-2020 16569 14568 231080
18/04-2020 17241 13936 238321
19/04-2020 17875 13401 245089
20/04-2020 18490 12914 251495
21/04-2020 19152 12444 257718
22/04-2020 19733 11981 263932
23/04-2020 20393 11492 270231
24/04-2020 20977 10932 276587
25/04-2020 21498 10290 282860
26/04-2020 21954 9600 288870
27/04-2020 22463 8955 294476
28/04-2020 22936 8410 299627
29/04-2020 23509 7986 304354
30/04-2020 23844 7684 308726
01/05-2020 24092 7492 312801
02/05-2020 24252 7366 316607
03/05-2020 24770 7227 320158
04/05-2020 25062 7038 323472
05/05-2020 25320 6778 326580
06/05-2020 25994 6470 329517
07/05-2020 26215 6099 332303
08/05-2020 26450 5752 334940
09/05-2020 26679 5485 337423
10/05-2020 26852 5301 339757
11/05-2020 27063 5163 341969
12/05-2020 27356 5012 344103
13/05-2020 27551 4808 346203
14/05-2020 27717 4609 348302
15/05-2020 27954 4406 350421
