17/03-2020 1 -1 164
18/03-2020 3 -1 240
19/03-2020 5 -1 286
20/03-2020 9 -1 396
21/03-2020 15 -1 396
22/03-2020 22 -1 631
23/03-2020 30 -1 745
24/03-2020 40 -1 810
25/03-2020 48 -1 862
26/03-2020 58 -1 1052
27/03-2020 68 -1 1223
28/03-2020 84 -1 1406
29/03-2020 98 -1 1451
30/03-2020 113 -1 1517
31/03-2020 136 -1 2339
01/04-2020 164 -1 2981
02/04-2020 188 -1 3506
03/04-2020 219 -1 4048
04/04-2020 260 -1 4466
05/04-2020 275 -1 4620
06/04-2020 304 -1 4866
07/04-2020 371 -1 5682
08/04-2020 428 -1 6708
09/04-2020 496 -1 7480
10/04-2020 540 -1 8216
11/04-2020 560 -1 8419
12/04-2020 588 -1 8755
13/04-2020 608 -1 8895
14/04-2020 695 -1 9371
15/04-2020 778 -1 11043
16/04-2020 853 -1 11568
17/04-2020 928 -1 12841
18/04-2020 991 -1 13894
19/04-2020 1015 -1 14267
20/04-2020 1037 -1 14580
21/04-2020 1093 -1 15385
22/04-2020 1134 -1 15914
23/04-2020 1345 -1 16740
24/04-2020 1512 -1 17826
25/04-2020 1667 -1 20004
26/04-2020 1700 -1 20715
27/04-2020 1825 -1 21696
28/04-2020 2049 -1 24041
29/04-2020 2247 -1 26158
30/04-2020 2375 -1 28698
01/05-2020 2511 -1 30374
02/05-2020 2586 -1 31174
03/05-2020 2627 -1 31772
04/05-2020 2654 -1 32187
05/05-2020 2851 -1 34053
06/05-2020 3045 -1 37853
07/05-2020 3206 -1 39928
08/05-2020 3416 -1 41830
09/05-2020 3608 -1 44411
10/05-2020 3709 -1 45444
