05/03/2020 000005 000000 0008625
06/03/2020 000006 000000 0011270
07/03/2020 000006 000000 0014365
08/03/2020 000008 000000 0020553
09/03/2020 000013 000000 0031680
10/03/2020 000015 000000 0050618
11/03/2020 000021 000000 0074955
12/03/2020 000032 000000 0100860
13/03/2020 000047 000000 0125565
14/03/2020 000066 000000 0157450
15/03/2020 000094 000000 0201625
16/03/2020 000137 000000 0258640
17/03/2020 000189 000472 0336980
18/03/2020 000254 000759 0423693
19/03/2020 000323 001197 0529092
20/03/2020 000429 001541 0638706
21/03/2020 000550 002156 0770780
22/03/2020 000718 002588 0983705
23/03/2020 000904 003097 1211935
24/03/2020 001137 003492 1478881
25/03/2020 001430 004304 1797700
26/03/2020 001797 005304 1999831
27/03/2020 002205 006245 2159214
28/03/2020 002648 007017 2309861
29/03/2020 003171 008143 2538037
30/03/2020 003784 009498 2766906
31/03/2020 004518 010767 3000187
01/04/2020 005330 011589 3202353
02/04/2020 006214 011309 3382189
03/04/2020 007127 012841 3485553
04/04/2020 008127 014576 3547786
05/04/2020 009176 015607 3678263
06/04/2020 010179 015946 3792568
07/04/2020 011307 016563 3864288
08/04/2020 012567 016784 3897082
09/04/2020 013717 016355 3898334
10/04/2020 014861 017024 3975701
11/04/2020 016043 016881 4051659
12/04/2020 017224 017172 4156152
13/04/2020 018277 016722 4260162
14/04/2020 019339 016540 4367239
15/04/2020 020419 015917 4459295
16/04/2020 021544 015685 4545230
17/04/2020 022618 014733 4584293
18/04/2020 023624 014868 4596391
19/04/2020 024579 014841 4650021
20/04/2020 025550 014690 4694390
21/04/2020 026445 014487 4724147
22/04/2020 027361 014022 4748399
23/04/2020 028236 013507 4768445
24/04/2020 029084 012920 4774233
25/04/2020 029837 012411 4775097
26/04/2020 030581 012286 4838694
27/04/2020 031286 012356 4904303
28/04/2020 031966 011772 4971713
29/04/2020 032654 011531 5028120
30/04/2020 033294 011253 5077338
01/05/2020 033937 010970 5097684
02/05/2020 034507 010719 5106409
03/05/2020 035048 010559 5140558
04/05/2020 035596 010438 5173227
05/05/2020 036117 010204 5198347
06/05/2020 036621 009782 5223079
07/05/2020 037133 009281 5231059
08/05/2020 037597 008904 5233544
09/05/2020 038041 008876 5239271
10/05/2020 038440 008617 5244061
11/05/2020 038775 008819 5252975
12/05/2020 039133 008560 5260468
13/05/2020 039470 008365 5261896
14/05/2020 039794 008029 5262796
15/05/2020 040096 007902 5263642
