09/03-2020     0     0      5
10/03-2020     0     0      8
11/03-2020     0     0     13
12/03-2020     0     0     17
13/03-2020     0     0     24
14/03-2020     0     0     39
15/03-2020     0     2     50
16/03-2020     0     5     74
17/03-2020     0     6     94
18/03-2020     1     7    121
19/03-2020     1    10    139
20/03-2020     4    19    181
21/03-2020     4    24    219
22/03-2020     4    45    628
23/03-2020     4    67   1013
24/03-2020     6    78   1339
25/03-2020     8   106   1629
26/03-2020    18   141   2021
27/03-2020    22   164   2498
28/03-2020    22   192   2840
29/03-2020    25   235   3430
30/03-2020    31   286   4162
31/03-2020    33   307   4611
01/04-2020    36   365   5518
02/04-2020    61   441   6101
03/04-2020    75   478   6997
04/04-2020    94   525   7944
05/04-2020   121   533   8580
06/04-2020   150   583   9340
07/04-2020   175   632  10031
08/04-2020   216   679  10912
09/04-2020   241   733  11677
10/04-2020   289   778  12292
11/04-2020   328   824  12846
12/04-2020   360   879  13557
13/04-2020   435   936  14248
14/04-2020   487   984  14860
15/04-2020   609  1018  15857
16/04-2020   688  1076  16798
17/04-2020   805  1080  17521
18/04-2020   877  1102  18357
19/04-2020   939  1169  19319
20/04-2020  1041  1224  20126
21/04-2020  1134  1278  20965
22/04-2020  1243  1411  21838
23/04-2020  1340  1460  22616
24/04-2020  1446  1509  23267
25/04-2020  1515  1518  24107
26/04-2020  1599  1541  24982
27/04-2020  1682  1625  25757
28/04-2020  1761  1648  26594
29/04-2020  1859  1684  27538
