Age ranges:  0-5       6-12      13-19     20-29     30-39     40-49     50-59     60-69     70-79     80-89     90-105   
 0-5            3.70      2.00      2.00      1.50      1.50      1.10      1.00      1.00      1.00      1.00      1.00
 6-12           2.00      3.70      2.00      1.50      1.50      1.50      1.00      1.00      1.00      1.00      1.00
 13-19          2.00      2.00      1.00      1.00      1.00      1.00      1.00      1.00      1.00      1.00      1.00
 20-29          1.50      1.50      1.00      1.00      1.00      1.00      1.00      1.00      1.00      1.00      1.00
 30-39          1.50      1.50      1.00      1.00      1.00      1.00      1.00      1.00      1.00      1.00      1.00
 40-49          1.10      1.50      1.00      1.00      1.00      1.00      1.00      1.00      1.00      1.00      1.00
 50-59          1.00      1.00      1.00      1.00      1.00      1.00      1.00      1.00      1.00      1.00      1.00
 60-69          1.00      1.00      1.00      1.00      1.00      1.00      1.00      1.00      1.00      1.00      1.00
 70-79          1.00      1.00      1.00      1.00      1.00      1.00      1.00      1.00      1.00      1.00      1.00
 80-89          1.00      1.00      1.00      1.00      1.00      1.00      1.00      1.00      1.00      1.00      1.00
 90-105         1.00      1.00      1.00      1.00      1.00      1.00      1.00      1.00      1.00      1.00      1.00
