27/02-2020    0     6      3
28/02-2020    0     7      7
29/02-2020    0     8     20
01/03-2020    0    10     33
02/03-2020    0     9     80
03/03-2020    0    10    120
04/03-2020    0    13    161
05/03-2020    0    14    202
06/03-2020    1    17    234
07/03-2020    2    19    279
08/03-2020    4    25    351
09/03-2020    4    29    428
10/03-2020    5    35    565
11/03-2020    7    45    733
12/03-2020   10    67    920
13/03-2020   16    78   1141
14/03-2020   26    94   1363
15/03-2020   40   118   1597
16/03-2020   64   146   1868
17/03-2020   87   174   2240
18/03-2020  106   224   2700
19/03-2020  150   283   3217
20/03-2020  206   357   3915
21/03-2020  269   427   4585
22/03-2020  330   481   5127
23/03-2020  416   573   5747
24/03-2020  493   653   6873
25/03-2020  607   753   7924
26/03-2020  731   836   8978
27/03-2020  844   923  10157
28/03-2020  997   989  11149
29/03-2020 1120  1037  11897
30/03-2020 1273  1126  12706
31/03-2020 1448  1190  13837
01/04-2020 1610  1207  14881
02/04-2020 1783  1250  15915
03/04-2020 1955  1279  17142
04/04-2020 2124  1281  18242
05/04-2020 2286  1302  19102
06/04-2020 2452  1310  19875
07/04-2020 2603  1313  20966
08/04-2020 2753  1286  22316
09/04-2020 2871  1281  23634
10/04-2020 3028  1285  25033
11/04-2020 3168  1252  26093
12/04-2020 3312  1233  26920
13/04-2020 3441  1220  27678
14/04-2020 3571  1193  28496
15/04-2020 3695  1169  29612
16/04-2020 3832  1137  30786
17/04-2020 3961  1107  32065
18/04-2020 4078  1060  33062
19/04-2020 4192  1030  33688
20/04-2020 4287  1010  34280
21/04-2020 4415   974  34991
22/04-2020 4532   918  35967
23/04-2020 4636   878  36769
24/04-2020 4728   860  37433
25/04-2020 4809   831  38007
26/04-2020 4887   807  38388
27/04-2020 4962   785  38562
28/04-2020 5032   762  38957
29/04-2020 5091   733  39415
30/04-2020 5158   709  39921
01/05-2020 5211   674  40415
02/05-2020 5266   633  40732
03/05-2020 5310   621  40909
04/05-2020 5367   611  41191
05/05-2020 5401   569  41443
06/05-2020 5454   542  41748
07/05-2020 5498   521  42047
08/05-2020 5537   490  42375
09/05-2020 5576   466  42628
10/05-2020 5601   449  42780
11/05-2020 5634   443  42949
12/05-2020 5667   403  43167
13/05-2020 5693   385  43468
14/05-2020 5714   363  43652
15/05-2020 5737   348  43864
16/05-2020 5757   333  44022
17/05-2020 5773   327  44130
18/05-2020 5787   320  44234
19/05-2020 5806   287  44414
20/05-2020 5828   275  44712
21/05-2020 5839   255  44902
22/05-2020 5860   242  45097
23/05-2020 5876   227  45302
24/05-2020 5887   229  45452
25/05-2020 5902   219  45574
26/05-2020 5921   198  45750
27/05-2020 5936   183  45939
28/05-2020 5941   177  46147
29/05-2020 5951   169  46308
30/05-2020 5955   161  46473
31/05-2020 5958   160  46563
01/06-2020 5960   160  46641
02/06-2020 5960   162  46647
