     1        1.825        0.200
     2        1.825        0.200
     3        1.825        0.200
     4        1.825        0.200
     5        1.825        0.200
     6        1.821        0.200
     7        1.814        0.200
     8        1.804        0.200
     9        1.789        0.200
    10        1.771        0.200
    11        1.750        0.200
    12        1.725        0.200
    13        1.700        0.200
    14        1.675        0.200
    15        1.650        0.200
    16        1.625        0.200
    17        1.596        0.200
    18        1.557        0.200
    19        1.507        0.200
    20        1.446        0.200
    21        1.375        0.200
    22        1.293        0.200
    23        1.207        0.200
    24        1.121        0.200
    25        1.043        0.200
    26        0.971        0.200
    27        0.914        0.200
    28        0.871        0.200
    29        0.843        0.200
    30        0.821        0.200
    31        0.807        0.200
    32        0.800        0.200
    33        0.800        0.200
    34        0.800        0.200
    35        0.800        0.200
    36        0.800        0.200
    37        0.800        0.200
    38        0.800        0.200
    39        0.800        0.200
    40        0.800        0.200
    41        0.800        0.200
    42        0.800        0.200
    43        0.800        0.200
    44        0.800        0.200
    45        0.800        0.200
    46        0.800        0.200
    47        0.800        0.200
    48        0.800        0.200
    49        0.800        0.200
    50        0.800        0.200
    51        0.800        0.200
    52        0.800        0.200
    53        0.800        0.200
    54        0.800        0.200
    55        0.800        0.200
    56        0.800        0.200
    57        0.800        0.200
    58        0.800        0.200
    59        0.800        0.200
    60        0.800        0.200
    61        0.800        0.210
    62        0.800        0.220
    63        0.800        0.230
    64        0.800        0.240
    65        0.800        0.250
    66        0.800        0.260
    67        0.800        0.270
    68        0.800        0.280
    69        0.800        0.290
    70        0.800        0.300
    71        0.800        0.300
    72        0.800        0.300
    73        0.800        0.300
    74        0.800        0.300
    75        0.800        0.300
    76        0.800        0.300
    77        0.800        0.300
    78        0.800        0.300
    79        0.800        0.300
    80        0.800        0.300
    81        0.800        0.300
    82        0.800        0.310
    83        0.800        0.320
    84        0.800        0.330
    85        0.800        0.340
    86        0.800        0.350
    87        0.800        0.360
    88        0.800        0.370
    89        0.800        0.380
    90        0.800        0.390
    91        0.800        0.400
    92        0.800        0.410
    93        0.800        0.420
    94        0.800        0.430
    95        0.800        0.440
    96        0.800        0.450
    97        0.800        0.450
    98        0.800        0.450
    99        0.800        0.450
   100        0.800        0.450
   101        0.800        0.450
   102        0.800        0.450
   103        0.800        0.450
   104        0.800        0.450
   105        0.800        0.500
   106        0.800        0.550
   107        0.800        0.600
   108        0.800        0.650
   109        0.800        0.700
   110        0.800        0.750
   111        0.800        0.800
   112        0.800        0.800
   113        0.800        0.800
   114        0.800        0.800
   115        0.800        0.800
   116        0.800        0.800
   117        0.800        0.800
   118        0.800        0.800
   119        0.800        0.800
   120        0.800        0.800
   121        0.800        0.800
   122        0.800        0.800
   123        0.800        0.800
   124        0.800        0.800
   125        0.800        0.800
   126        0.800        0.800
   127        0.800        0.800
   128        0.800        0.800
   129        0.800        0.800
   130        0.800        0.800
   131        0.800        0.800
   132        0.800        0.800
   133        0.800        0.800
   134        0.800        0.800
   135        0.800        0.800
   136        0.800        0.800
   137        0.800        0.800
   138        0.800        0.800
   139        0.800        0.800
   140        0.800        0.800
   141        0.800        0.800
   142        0.800        0.800
   143        0.800        0.800
   144        0.800        0.800
   145        0.800        0.800
   146        0.800        0.800
   147        0.800        0.800
   148        0.800        0.800
   149        0.800        0.800
   150        0.800        0.800
   151        0.800        0.800
   152        0.800        0.800
   153        0.800        0.800
   154        0.800        0.800
   155        0.800        0.800
   156        0.800        0.800
   157        0.800        0.800
   158        0.800        0.800
   159        0.800        0.800
   160        0.800        0.800
   161        0.800        0.800
   162        0.800        0.800
   163        0.800        0.800
   164        0.800        0.800
   165        0.800        0.800
   166        0.800        0.800
