09/03-2020 0 0 1
10/03-2020 0 0 2
11/03-2020 0 0 3
12/03-2020 0 0 5
13/03-2020 0 0 8
14/03-2020 0 0 13
15/03-2020 0 0 20
16/03-2020 0 0 29
17/03-2020 0 0 41
18/03-2020 0 0 56
19/03-2020 0 0 74
20/03-2020 0 0 97
21/03-2020 0 0 127
22/03-2020 1 0 165
23/03-2020 1 0 211
24/03-2020 1 6 266
25/03-2020 1 13 329
26/03-2020 1 19 399
27/03-2020 1 25 477
28/03-2020 1 32 562
29/03-2020 2 38 654
30/03-2020 4 44 752
31/03-2020 5 44 856
01/04-2020 5 45 968
02/04-2020 7 45 1088
03/04-2020 7 46 1216
04/04-2020 8 46 1348
05/04-2020 8 47 1479
06/04-2020 13 47 1604
07/04-2020 13 48 1721
08/04-2020 13 48 1832
09/04-2020 13 49 1939
10/04-2020 17 50 2044
11/04-2020 18 50 2148
12/04-2020 18 57 2252
13/04-2020 13 63 2355
14/04-2020 18 70 2459
15/04-2020 20 76 2566
16/04-2020 20 82 2678
17/04-2020 23 89 2796
18/04-2020 25 94 2920
19/04-2020 27 95 3049
20/04-2020 28 95 3182
21/04-2020 32 96 3320
22/04-2020 32 90 3463
23/04-2020 35 84 3610
24/04-2020 39 78 3760
25/04-2020 41 73 3911
26/04-2020 41 67 4062
27/04-2020 41 67 4212
28/04-2020 41 69 4361
29/04-2020 45 75 4511
30/04-2020 46 82 4663
01/05-2020 46 88 4817
02/05-2020 49 93 4973
03/05-2020 50 100 5129
04/05-2020 50 101 5284
05/05-2020 56 103 5438
06/05-2020 58 105 5592
07/05-2020 61 106 5748
08/05-2020 61 108 5909
