09/03-2020    0   002   495  
10/03-2020    0   009   736  
11/03-2020    0   014   910  
12/03-2020    2   029   1116 
13/03-2020    2   033   1263 
14/03-2020    3   039   1363 
15/03-2020    3   050   1465 
16/03-2020    3   058   1645 
17/03-2020    3   074   1820 
18/03-2020    6   086   2033 
19/03-2020    7   104   2273 
20/03-2020    7   130   2581 
21/03-2020    7   154   2755 
22/03-2020    8   173   2903 
23/03-2020   12   199   3202 
24/03-2020   13   212   3515 
25/03-2020   14   240   3807 
26/03-2020   17   265   4104 
27/03-2020   22   302   4365 
28/03-2020   25   292   4546 
29/03-2020   31   314   4653 
30/03-2020   37   322   4917 
31/03-2020   43   317   5125 
01/04-2020   47   324   5326 
02/04-2020   54   316   5526 
03/04-2020   61   319   5692 
04/04-2020   69   309   5779 
05/04-2020   75   308   5850 
06/04-2020   82   312   6009 
07/04-2020   91   279   6146 
08/04-2020  108   248   6252 
09/04-2020  111   252   6355 
10/04-2020  116   231   6423 
11/04-2020  127   214   6531 
12/04-2020  133   215   6607 
13/04-2020  139   203   6684 
14/04-2020  145   201   6806 
15/04-2020  152   192   6910 
16/04-2020  157   177   6990 
17/04-2020  164   165   7098 
18/04-2020  171   151   7147 
19/04-2020  179   158   7183 
20/04-2020  184   162   7268 
21/04-2020  186   143   7346 
22/04-2020  188   131   7423 
23/04-2020  197   124   7492 
24/04-2020  201   118   7546 
25/04-2020  202   116   7571 
26/04-2020  204   122   7607 
27/04-2020  207   126   7678 
28/04-2020  207   118   7728 
29/04-2020  208   115   7767 
30/04-2020  211    98   7806 
01/05-2020  213    84   7848 
02/05-2020  214    85   7871 
03/05-2020  214    80   7915 
04/05-2020  214    84   7960 
05/05-2020  215    70   8001 
06/05-2020  216    61   8040 
07/05-2020  218    62   8069 
08/05-2020  219    61   8110 
09/05-2020  221    58   8121 
10/05-2020  222    59   8133 
11/05-2020  224    58   8156 
12/05-2020  226    57   8175 
13/05-2020  229    62   8194 
14/05-2020  232    59   8217 
15/05-2020  232    58   8238 
16/05-2020  232    50   8251 
17/05-2020  233    51   8254 
18/05-2020  233    51   8271 
19/05-2020  233    50   8291 
20/05-2020  234    51   8310 
21/05-2020  234    41   8324 
22/05-2020  235    46   8350 
23/05-2020  235    35   8355 
24/05-2020  235    38   8361 
25/05-2020  235    41   8379 
26/05-2020  235    37   8391 
27/05-2020  235    36   8409 
28/05-2020  236    35   8424 
29/05-2020  236    30   8440 
30/05-2020  236    27   8440 
31/05-2020  236    28   8446 
01/06-2020  236    29   8453 
02/06-2020  237    32   8484 
03/06-2020  237    27   8496 
04/06-2020  238    28   8513 
05/06-2020  238    23   8543 
06/06-2020  238    23   8552 
07/06-2020  238    23   8561 
08/06-2020  239    22   8579 
09/06-2020  239    22   8592 
10/06-2020  239    19   8606 
11/06-2020  242    15   8617 
12/06-2020  242    16   8630 
13/06-2020  242    16   8637 
14/06-2020  242    16   8643 
15/06-2020  242    16   8661 
16/06-2020  242    18   8697 
17/06-2020  243    18   8712 
18/06-2020  244    17   8725 
19/06-2020  244    16   8738 
20/06-2020  244    16   8743 
21/06-2020  244    16   8745 
22/06-2020  248    13   8446
23/06-2020  248    12   8446
24/06-2020  249    16   8446
25/06-2020  249    18   8446
26/06-2020  249    20   8446
27/06-2020  249    22   8446
28/06-2020  249    22   8446
29/06-2020  249    17   8446
30/06-2020  250    19   8446
01/07-2020  251    17   8446
02/07-2020  251    19   8446
03/07-2020  251    14   8446
04/07-2020  251    14   8446
05/07-2020  251    14   8446
06/07-2020  251    11   8446
