01/03-2020       2       0       0
02/03-2020       3       0       0
03/03-2020       4       0       0
04/03-2020       4       0       0
05/03-2020       7       0       0
06/03-2020       9       0       0
07/03-2020      16       0       0
08/03-2020      19       0       0
09/03-2020      25       0       0
10/03-2020      33       0       0
11/03-2020      48       0       0
12/03-2020      61       0       0
13/03-2020      79       0       0
14/03-2020      91       0       0
15/03-2020     127     400       0
16/03-2020     148     400       0
17/03-2020     175    2579       0
18/03-2020     264    3626       0
19/03-2020     372    4461       0
20/03-2020     450    5226       0
21/03-2020     562    6172       0
22/03-2020     674    7240       0
23/03-2020     860    8675       0
24/03-2020    1100   10176       0
25/03-2020    1331   11539       0
26/03-2020    1696   13904       0
27/03-2020    1995   15732       0
28/03-2020    2314   17620       0
29/03-2020    2606   19354       0
30/03-2020    3024   21008       0
31/03-2020    3523   22757       0
01/04-2020    4032   24639       0
02/04-2020    4503   26246       0
03/04-2020    5091   27432       0
04/04-2020    5532   28143       0
05/04-2020    5889   28891       0
06/04-2020    6494   29722       0
07/04-2020    7091   30027       0
08/04-2020    7632   30375       0
09/04-2020    8044   30767       0
10/04-2020    8598   31267       0
11/04-2020    8943   31320       0
12/04-2020    9253   31826       0
13/04-2020    9588   32113       0
14/04-2020   10129   32292       0
15/04-2020   10643   31779       0
16/04-2020   11060   31305       0
17/04-2020   11478   31190       0
18/04-2020   11842   30639       0
19/04-2020   12069   30610       0
20/04-2020   12513   30584       0
21/04-2020   12900   30106       0
22/04-2020   13236   29741       0
23/04-2020   13547   29219       0
24/04-2020   13852   28658       0
25/04-2020   14050   28222       0
26/04-2020   14202   28217       0
27/04-2020   14497   28055       0
28/04-2020   14810   27484       0
29/04-2020   15053   26834       0
30/04-2020   15244   26283       0
01/05-2020   15369   25887       0
02/05-2020   15487   25827       0
03/05-2020   15583   25815       0
04/05-2020   15826   25548       0
05/05-2020   16060   24775       0
06/05-2020   16237   23983       0
07/05-2020   16386   23208       0
08/05-2020   16497   22724       0
09/05-2020   16573   22614       0
10/05-2020   16642   22569       0
11/05-2020   16820   22284       0
12/05-2020   17003   21595       0
13/05-2020   17101   21071       0
