360058    346324	  
365656	  350503	  
371835	  357304	  
382535	  366607	  
393693	  377204	  
403548	  391501	  
409134	  392202	  
419746	  399227	  
420236	  404030	  
430787	  413625	  
428212	  408398	  
430731	  411043	  
425893	  407591	  
432473	  414777	  
424444	  404430	  
424188	  404036	  
422558	  402977	  
422993	  401250	  
426940	  403919	  
427764	  404371	  
398800	  379795	  
390940	  376479	  
373892	  364363	  
372960	  368533	  
365819	  365901	  
352810	  357004	  
352119	  358110	  
369044	  378321	  
376549	  386191	  
384258	  399020	  
385549	  408207	  
391686	  414023	  
392288	  417174	  
398561	  425827	  
398500	  424654	  
396432	  421184	  
392284	  416829	  
418774	  441409	  
423924	  444590	  
427805	  448557	  
405284	  425335	  
398834	  413726	  
402575	  412954	  
391152	  403860	  
403928	  414578	  
424573	  434834	  
446674	  458834	  
458045	  467783	  
456949	  464142	  
445768	  454621	  
439368	  449572	  
431757	  446380	  
429154	  443790	  
437583	  454330	  
437857	  455939	  
439911	  461505	  
432906	  456383	  
417223	  440637	  
417146	  441038	  
411659	  440968	  
407015	  438821	  
395560	  431486	  
390560	  427710	  
384101	  425002	  
377452	  421955	  
375899	  419167	  
366489	  409584	  
369758	  414522	  
357936	  403062	  
367412	  416115	  
357423	  409011	  
353971	  405651	  
343786	  395417	  
319209	  373675	  
236133	  282822	  
228151	  274365	  
218015	  265820	  
198121	  245327	  
171413	  217897	  
171850	  225603	  
173240	  234771	  
163237	  226815	  
152718	  219891	  
145045	  217005	  
130057	  206227	  
122635	  202703	  
107243	  186398	  
98622	  181628	  
85287	  164968	  
73609	  152444	  
57533	  128482	  
47092	  113470	  
36852	  95551	  
28358	  82108	  
22290	  67040	  
16359	  53442	  
11552	  41649	  
7728	  32000	  
5514	  23516	  
3639	  16396	  
3551	  18309
