28/02-2020 0 0 10
29/02-2020 0 0 12
01/03-2020 0 0 15
02/03-2020 0 0 19
03/03-2020 0 0 25
04/03-2020 1 0 33
05/03-2020 1 0 43
06/03-2020 1 5 56
07/03-2020 1 9 72
08/03-2020 1 14 91
09/03-2020 1 18 114
10/03-2020 2 23 142
11/03-2020 3 32 177
12/03-2020 4 39 221
13/03-2020 4 48 275
14/03-2020 5 62 342
15/03-2020 6 76 424
16/03-2020 7 93 523
17/03-2020 12 115 641
18/03-2020 13 142 782
19/03-2020 18 178 950
20/03-2020 23 218 1152
21/03-2020 24 263 1398
22/03-2020 30 312 1698
23/03-2020 39 363 2063
24/03-2020 50 417 2502
25/03-2020 65 476 3022
26/03-2020 81 538 3625
27/03-2020 94 611 4313
28/03-2020 110 686 5087
29/03-2020 124 769 5950
30/03-2020 146 861 6907
31/03-2020 173 960 7958
01/04-2020 199 1066 9098
02/04-2020 238 1171 10314
03/04-2020 265 1270 11590
04/04-2020 289 1351 12907
05/04-2020 348 1406 14245
06/04-2020 380 1442 15582
07/04-2020 432 1481 16896
08/04-2020 495 1541 18167
09/04-2020 544 1635 19388
10/04-2020 583 1770 20563
11/04-2020 604 1936 21710
12/04-2020 640 2117 22853
13/04-2020 714 2272 24015
14/04-2020 767 2382 25211
15/04-2020 860 2449 26451
16/04-2020 956 2506 27742
17/04-2020 1037 2566 29095
18/04-2020 1140 2628 30524
19/04-2020 1177 2665 32042
20/04-2020 1225 2673 33649
21/04-2020 1282 2661 35327
22/04-2020 1421 2642 37040
23/04-2020 1533 2613 38743
24/04-2020 1621 2574 40402
25/04-2020 1689 2532 42005
26/04-2020 1725 2500 43567
27/04-2020 1779 2490 45117
28/04-2020 1864 2489 46684
29/04-2020 1946 2494 48280
30/04-2020 2031 2496 49903
01/05-2020 2126 2496 51543
02/05-2020 2180 2489 53199
03/05-2020 2216 2489 54878
04/05-2020 2278 2484 56595
05/05-2020 2381 2488 58359
06/05-2020 2464 2490 60166
07/05-2020 2535 2495 62000
08/05-2020 2613 2509 63838
09/05-2020 2687 2543 65664
10/05-2020 2716 2595 67472
11/05-2020 2779 2665 69272
12/05-2020 2879 2718 71080
13/05-2020 2957 2732 72915
14/05-2020 3052 2719 74792
15/05-2020 3136 2688 76718
16/05-2020 3208 2646 78694
17/05-2020 3240 2604 78694
18/05-2020 3279 2563 78694
19/05-2020 3403 2530 78694
20/05-2020 3497 2510 78694
21/05-2020 3583 2486 78694
22/05-2020 3666 2462 78694
23/05-2020 3738 2439 78694
