08/03-2020     0     0          4
09/03-2020     0     0          5
10/03-2020     0     0          8
11/03-2020     0     0         13
12/03-2020     0     0         17
13/03-2020     0     0         24
14/03-2020     0     0         39
15/03-2020     0     2         50
16/03-2020     0     5         74
17/03-2020     1     6         94
18/03-2020     3     7        121
19/03-2020     3    10        139
20/03-2020     4    19        181
21/03-2020     5    24        219
22/03-2020     5    45        628
23/03-2020     7    67       1013
24/03-2020     9    78       1339
25/03-2020    16   106       1629
26/03-2020    23   141       2021
27/03-2020    27   164       2498
28/03-2020    38   192       2840
29/03-2020    48   235       3430
30/03-2020    60   286       4162
31/03-2020    76   307       4611
01/04-2020    88   365       5518
02/04-2020   114   441       6101
03/04-2020   146   478       6997
04/04-2020   192   525       7944
05/04-2020   233   533       8580
06/04-2020   279   583       9340
07/04-2020   328   632      10031
08/04-2020   380   679      10912
09/04-2020   443   733      11677
10/04-2020   506   778      12292
11/04-2020   575   824      12846
12/04-2020   663   879      13557
13/04-2020   752   936      14248
14/04-2020   841   984      14860
15/04-2020   940  1018      15857
16/04-2020  1030  1076      16798
17/04-2020  1105  1080      17521
18/04-2020  1188  1102      18357
19/04-2020  1308  1169      19319
20/04-2020  1403  1224      20126
21/04-2020  1506  1278      20965
22/04-2020  1611  1411      21838
23/04-2020  1714  1460      22616
24/04-2020  1815  1509      23267
25/04-2020  1921  1518      24107
26/04-2020  2014  1541      24982
27/04-2020  2109  1625      25757
28/04-2020  2221  1648      26594
29/04-2020  2350  1684      27538
30/04-2020  2460  1716      28648
01/05-2020  2566  1738      29656
02/05-2020  2664  1754      31865
03/05-2020  2756  1772      32623
04/05-2020  2850  1821      33417
05/05-2020  2934  1840      34327
06/05-2020  3011  1836      35238
07/05-2020  3099  1827      36150
08/05-2020  3169  1835      36986
09/05-2020  3250  1831      37721
10/05-2020  3327  1838      38469
11/05-2020  3400  1841      39225
12/05-2020  3466  1876      39931
13/05-2020  3509  1834      40724
14/05-2020  3568  1822      41420
15/05-2020  3633  1763      42183
16/05-2020  3695  1766      42926
