Age ranges:  0-5       6-10      11-19     20-29     30-39     40-49     50-59     60-69     70-79     80-89     90-105   
 0-5            2.00      1.50      1.50      1.00      1.50      0.50      0.50      0.50      0.40      0.40      0.40
 6-12           0.50      8.00      6.00      2.00      2.50      2.50      1.50      1.40      0.90      0.90      0.90
 13-19          0.50      6.00      8.00      2.00      2.50      2.50      1.50      1.40      0.90      0.90      0.90
 20-29          0.50      2.50      2.50      6.00      2.00      2.00      1.90      1.50      0.90      0.90      0.90
 30-39          1.50      2.50      2.50      2.00      3.00      2.00      1.90      1.80      0.50      0.50      0.50
 40-49          0.50      2.30      2.30      2.00      2.00      3.00      1.90      1.50      1.40      1.40      1.40
 50-59          0.50      2.00      2.00      1.50      1.50      1.50      2.00      1.50      0.90      0.90      0.90
 60-69          0.50      1.90      1.90      1.00      1.20      1.20      1.90      1.50      0.90      0.90      0.90
 70-79          0.50      1.50      1.50      0.90      0.90      1.20      1.00      1.50      1.50      1.50      1.50
 80-89          0.40      1.00      1.00      0.90      0.70      1.20      1.00      1.00      1.50      1.50      1.50
 90-105         0.40      0.90      0.90      0.90      0.70      1.20      1.00      1.00      1.50      1.50      1.50
