27/02-2020    0   006       3
28/02-2020    0   007       7
29/02-2020    0   008      19
01/03-2020    0   010      32
02/03-2020    0   009      79
03/03-2020    0   010     119
04/03-2020    0   013     160
05/03-2020    0   014     201
06/03-2020    1   017     233
07/03-2020    2   019     278
08/03-2020    4   025     350
09/03-2020    4   030     427
10/03-2020    5   037     564
11/03-2020    7   047     732
12/03-2020   10   068     919
13/03-2020   16   079    1140
14/03-2020   26   095    1362
15/03-2020   40   120    1596
16/03-2020   64   149    1867
17/03-2020   87   176    2240
18/03-2020  106   226    2702
19/03-2020  150   286    3219
20/03-2020  206   360    3917
21/03-2020  269   427    4587
22/03-2020  330   478    5129
23/03-2020  416   571    5749
24/03-2020  492   652    6875
25/03-2020  605   752    7927
26/03-2020  729   836    8981
27/03-2020  842   921   10164
28/03-2020  995   988   11155
29/03-2020 1117  1035   11903
30/03-2020 1269  1123   12713
31/03-2020 1444  1190   13846
01/04-2020 1605  1207   14890
02/04-2020 1778  1251   15925
03/04-2020 1950  1281   17154
04/04-2020 2118  1282   18254
05/04-2020 2276  1301   19112
06/04-2020 2442  1311   19888
07/04-2020 2593  1316   20976
08/04-2020 2743  1288   22329
09/04-2020 2861  1285   23647
10/04-2020 3015  1290   25046
11/04-2020 3155  1255   26109
12/04-2020 3299  1198   26935
13/04-2020 3429  1174   27692
14/04-2020 3559  1198   28510
15/04-2020 3678  1174   29627
16/04-2020 3813  1141   30802
17/04-2020 3940  1112   32083
18/04-2020 4057  1064   33078
19/04-2020 4170  1034   33704
20/04-2020 4265  1014   34296
21/04-2020 4391   978   35008
22/04-2020 4506   921   35985
23/04-2020 4610   880   36787
24/04-2020 4701   862   37451
25/04-2020 4780   833   38025
26/04-2020 4856   809   38406
27/04-2020 4928   787   38580
28/04-2020 4998   764   38977
29/04-2020 5056   736   39436
30/04-2020 5121   710   39942
01/05-2020 5173   675   40436
02/05-2020 5226   634   40752
03/05-2020 5267   622   40929
04/05-2020 5322   612   41211
05/05-2020 5354   572   41465
06/05-2020 5407   545   41770
07/05-2020 5451   526   42071
08/05-2020 5488   497   42399
09/05-2020 5522   473   42652
10/05-2020 5544   457   42803
11/05-2020 5570   451   42968
12/05-2020 5599   410   43183
13/05-2020 5620   391   43481
14/05-2020 5632   365   43635
15/05-2020 5634   352   43681
