     0        3.800        0.200
     1        3.800        0.200
     2        3.800        0.200
     3        3.800        0.200
     4        3.800        0.200
     5        3.800        0.200
     6        3.800        0.200
     7        3.800        0.200
     8        3.800        0.200
     9        3.800        0.200
    10        3.800        0.200
    11        3.800        0.200
    12        3.800        0.200
    13        3.800        0.200
    14        0.800        0.150
    15        0.800        0.150
    16        0.800        0.150
    17        0.800        0.150
    18        0.800        0.150
    19        0.800        0.150
    20        0.800        0.150
    21        0.800        0.150
    22        0.800        0.150
    23        0.800        0.150
    24        0.800        0.150
    25        0.800        0.150
    26        0.800        0.150
    27        0.800        0.150
    28        0.800        0.150
    29        0.800        0.150
    30        0.800        0.150
    31        0.800        0.150
    32        0.800        0.150
    33        0.800        0.150
    34        0.800        0.150
    35        0.800        0.150
    36        0.800        0.150
    37        0.800        0.150
    38        0.800        0.150
    39        0.800        0.150
    40        0.800        0.150
    41        0.800        0.150
    42        0.800        0.150
    43        0.800        0.150
    44        0.800        0.150
    45        0.800        0.150
    46        0.800        0.150
    47        0.800        0.150
    48        0.800        0.150
    49        0.800        0.150
    50        0.800        0.150
    51        1.000        0.150
    52        1.000        0.150
    53        1.000        0.150
    54        1.000        0.150
    55        1.000        0.150
    56        1.000        0.150
    57        1.000        0.150
    58        1.000        0.150
    59        1.000        0.150
    60        1.000        0.150
    61        1.000        0.150
    62        1.000        0.150
    63        1.000        0.150
    64        1.000        0.150
    65        1.000        0.150
    66        1.000        0.150
    67        1.000        0.150
    68        1.000        0.150
    69        1.000        0.150
    70        1.000        0.150
    71        1.000        0.150
    72        1.000        0.150
    73        1.000        0.150
    74        1.000        0.150
    75        1.000        0.150
    76        1.000        0.150
    77        1.000        0.150
    78        1.000        0.150
    79        1.000        0.150
    80        1.000        0.150
    81        1.000        0.150
    82        1.000        0.150
    83        1.000        0.150
    84        1.000        0.150
    85        1.000        0.150
    86        1.000        0.150
    87        1.000        0.150
    88        1.000        0.150
    89        1.000        0.150
    90        1.000        0.150
    91        1.000        0.150
    92        1.000        0.150
    93        1.000        0.150
    94        1.000        0.150
    95        1.000        0.150
    96        1.000        0.150
    97        1.000        0.150
    98        1.000        0.150
    99        1.000        0.150
   100        1.000        0.150
   101        1.000        0.150
   102        1.000        0.150
   103        1.000        0.150
   104        1.000        0.150
   105        1.000        0.150
   106        1.000        0.150
   107        1.000        0.150
   108        1.000        0.150
   109        1.000        0.150
   110        1.000        0.150
   111        1.000        0.150
   112        1.000        0.150
   113        1.000        0.150
   114        1.000        0.150
   115        1.000        0.150
   116        1.000        0.150
   117        1.000        0.150
   118        1.000        0.150
   119        1.000        0.150
   120        1.000        0.150
   121        1.000        0.150
   122        1.000        0.150
   123        1.000        0.150
   124        1.000        0.150
   125        1.000        0.150
   126        1.000        0.150
   127        1.000        0.150
   128        1.000        0.150
   129        1.000        0.150
   130        1.000        0.150
   131        1.000        0.150
   132        1.000        0.150
   133        1.000        0.150
   134        1.000        0.150
   135        1.000        0.150
   136        1.000        0.150
   137        1.000        0.150
   138        1.000        0.150
   139        1.000        0.150
   140        1.000        0.150
   141        1.000        0.150
   142        1.000        0.150
   143        1.000        0.150
   144        1.000        0.150
   145        1.000        0.150
   146        1.000        0.150
   147        1.000        0.150
   148        1.000        0.150
   149        1.000        0.150
   150        1.000        0.150
   151        1.000        0.150
   152        1.000        0.150
   153        1.000        0.150
   154        1.000        0.150
   155        1.000        0.150
   156        1.000        0.150
   157        1.000        0.150
   158        1.000        0.150
   159        1.000        0.150
   160        1.000        0.150
   161        1.000        0.150
   162        1.000        0.150
   163        1.000        0.150
   164        1.000        0.150
   165        1.000        0.150
   166        1.000        0.150
   167        1.000        0.150
   168        1.000        0.150
   169        1.000        0.150
   170        1.000        0.150
   171        1.000        0.150
   172        1.000        0.150
   173        1.000        0.150
   174        1.000        0.150
   175        1.000        0.150
   176        1.000        0.150
   177        1.000        0.150
   178        1.000        0.150
   179        1.000        0.150
   180        1.000        0.150
   181        1.000        0.150
   182        1.000        0.150
   183        1.000        0.150
   184        1.000        0.150
   185        1.000        0.150
   186        1.000        0.150
   187        1.000        0.150
   188        1.000        0.150
   189        1.000        0.150
   190        1.000        0.150
   191        1.000        0.150
   192        1.000        0.150
   193        1.000        0.150
   194        1.000        0.150
   195        1.000        0.150
   196        1.000        0.150
   197        1.000        0.150
   198        1.000        0.150
   199        1.000        0.150
   200        1.000        0.150
   201        1.000        0.150
   202        1.000        0.150
   203        1.000        0.150
   204        1.000        0.150
   205        1.000        0.150
   206        1.000        0.150
   207        1.000        0.150
   208        1.000        0.150
   209        1.000        0.150
   210        1.000        0.150
   211        1.000        0.150
   212        1.000        0.150
   213        1.000        0.150
   214        1.000        0.150
   215        1.000        0.150
   216        1.000        0.150
   217        1.000        0.150
   218        1.000        0.150
   219        1.000        0.150
   220        1.000        0.150
   221        1.000        0.150
   222        1.000        0.150
   223        1.000        0.150
   224        1.000        0.150
   225        1.000        0.150
   226        1.000        0.150
   227        1.000        0.150
   228        1.000        0.150
   229        1.000        0.150
   230        1.000        0.150
   231        1.000        0.150
   232        1.000        0.150
   233        1.000        0.150
   234        1.000        0.150
   235        1.000        0.150
   236        1.000        0.150
   237        1.000        0.150
   238        1.000        0.150
   239        1.000        0.150
   240        1.000        0.150
   241        1.000        0.150
   242        1.000        0.150
   243        1.000        0.150
   244        1.000        0.150
   245        1.000        0.150
   246        1.000        0.150
   247        1.000        0.150
   248        1.000        0.150
   249        1.000        0.150
   250        1.000        0.150
   251        1.000        0.150
   252        1.000        0.150
   253        1.000        0.150
   254        1.000        0.150
   255        1.000        0.150
   256        1.000        0.150
   257        1.000        0.150
   258        1.000        0.150
   259        1.000        0.150
   260        1.000        0.150
   261        1.000        0.150
   262        1.000        0.150
   263        1.000        0.150
   264        1.000        0.150
   265        1.000        0.150
   266        1.000        0.150
   267        1.000        0.150
   268        1.000        0.150
   269        1.000        0.150
   270        1.000        0.150
   271        1.000        0.150
   272        1.000        0.150
   273        1.000        0.150
   274        1.000        0.150
   275        1.000        0.150
   276        1.000        0.150
   277        1.000        0.150
   278        1.000        0.150
   279        1.000        0.150
   280        1.000        0.150
   281        1.000        0.150
   282        1.000        0.150
   283        1.000        0.150
   284        1.000        0.150
   285        1.000        0.150
   286        1.000        0.150
   287        1.000        0.150
   288        1.000        0.150
   289        1.000        0.150
   290        1.000        0.150
   291        1.000        0.150
   292        1.000        0.150
   293        1.000        0.150
   294        1.000        0.150
   295        1.000        0.150
   296        1.000        0.150
   297        1.000        0.150
   298        1.000        0.150
   299        1.000        0.150
   300        1.000        0.150
   301        1.000        0.150
   302        1.000        0.150
   303        1.000        0.150
   304        1.000        0.150
   305        1.000        0.150
   306        1.000        0.150
   307        1.000        0.150
   308        1.000        0.150
   309        1.000        0.150
   310        1.000        0.150
   311        1.000        0.150
   312        1.000        0.150
   313        1.000        0.150
   314        1.000        0.150
   315        1.000        0.150
   316        1.000        0.150
   317        1.000        0.150
   318        1.000        0.150
   319        1.000        0.150
   320        1.000        0.150
   321        1.000        0.150
   322        1.000        0.150
   323        1.000        0.150
   324        1.000        0.150
   325        1.000        0.150
   326        1.000        0.150
   327        1.000        0.150
   328        1.000        0.150
   329        1.000        0.150
   330        1.000        0.150
   331        1.000        0.150
   332        1.000        0.150
   333        1.000        0.150
   334        1.000        0.150
   335        1.000        0.150
   336        1.000        0.150
   337        1.000        0.150
   338        1.000        0.150
   339        1.000        0.150
   340        1.000        0.150
   341        1.000        0.150
   342        1.000        0.150
   343        1.000        0.150
   344        1.000        0.150
   345        1.000        0.150
   346        1.000        0.150
   347        1.000        0.150
   348        1.000        0.150
   349        1.000        0.150
   350        1.000        0.150
   351        1.000        0.150
   352        1.000        0.150
   353        1.000        0.150
   354        1.000        0.150
   355        1.000        0.150
   356        1.000        0.150
   357        1.000        0.150
   358        1.000        0.150
   359        1.000        0.150
   360        1.000        0.150
   361        1.000        0.150
   362        1.000        0.150
   363        1.000        0.150
   364        1.000        0.150
   365        1.000        0.150
   366        1.000        0.150
